10777
4684
19364
9018
7321
9069
12466
5765
1944
8500
14545
21408
22246
20947
11840
18573
10198
17280
9044
14349
13386
5797
5485
12934
14073
7358
322
15569
11201
15648
10666
16361
16033
18551
5392
13262
7150
10384
5439
11566
16596
18990
13536
12920
22442
449
7302
12830
20051
5620
13469
6199
8690
19443
8382
13169
15804
4691
22591
18216
20190
11765
16788
18656
19492
2955
14965
21743
21299
10914
16195
18369
15596
15333
14779
13394
13287
2069
14216
22142
10315
516
9622
18658
2967
10614
5966
8380
6801
20060
9204
7634
880
15794
9806
2091
15951
15305
1641
8320
20327
6217
7558
20369
12446
4663
13130
6739
3102
19581
9683
14982
15373
12412
19551
11927
17937
8388
1583
20940
14973
12239
3298
9672
22863
9940
13379
13066
20258
18376
21156
12337
9475
13742
15980
9730
927
21076
7783
6786
1057
470
7650
18674
13129
19241
22854
14708
18643
20423
19825
3806
14313
18396
2395
15695
16688
13627
4773
8454
18079
5284
8683
12282
7423
1951
4282
10963
845
1180
1885
20527
20172
13445
17362
17804
11792
10855
3864
12712
2664
21422
18000
22397
4166
8220
17916
11443
15793
13465
2652
8244
17949
8072
14827
21690
9005
6969
12158
17696
7988
6620
1785
11430
9468
6633
11742
438
308
5157
7190
20056
9866
6456
8857
2481
18591
914
1416
15977
2808
12199
20988
18839
5982
16017
10911
19761
11905
21990
17689
5854
13188
14785
13706
22326
14555
16637
17845
6433
12947
1801
18149
16632
13999
9990
21562
22887
3075
7967
7375
11880
7165
156
16320
15029
6156
5954
335
953
1195
8253
10064
9482
22728
5118
11854
15313
16724
13052
9336
16656
13458
11928
3895
15445
1754
2306
20756
20309
11961
4114
19976
22257
16476
13910
21141
22744
14867
12514
8287
17616
11527
13302
20766
6917
13637
4683
5278
15647
21304
7204
4037
9788
18485
16087
14735
6948
4211
21253
20422
21353
644
12273
19300
8391
8451
31
11384
15502
12620
12429
5527
14250
15339
6647
6415
16705
12040
13398
21734
15668
18869
21498
69
20730
21181
13881
12614
17440
18054
7022
2919
11751
19394
9941
12031
13348
9217
791
5655
8166
18442
5173
8505
2025
17532
11251
6666
7322
6889
7821
21576
3220
14599
13328
12465
18238
12489
5987
2190
11406
21902
830
7911
1990
7702
9587
22352
7331
7485
22562
798
14461
22281
9825
6201
4311
9837
8730
6232
3559
12092
16506
22508
11830
14062
21474
22717
14138
21667
19877
8866
15148
9246
452
13410
9812
9020
11205
11653
9236
1070
1247
1696
13228
6692
381
5925
4495
4507
2535
3629
22303
2302
5039
2108
1482
3076
11780
5168
13727
20094
14266
16706
11931
12603
20622
4889
16835
998
2489
3116
1587
18814
15466
18617
19395
22625
15408
1444
2051
7919
11358
19248
6278
13453
6975
12979
16038
10899
17881
3739
13166
9978
11353
11416
2109
20413
295
4725
722
1649
8516
3309
14916
21575
8510
8210
6343
20377
21954
4436
21403
13237
16636
18123
14601
16383
13354
9409
22209
17629
5153
13889
16107
7569
17760
3336
809
20511
8692
1894
8884
19353
5333
19490
2575
1559
7763
6165
10647
3471
13006
7132
13495
17150
13664
19416
20654
18577
2509
5605
21825
12173
5503
1831
11236
4191
16662
1425
21554
6818
16327
14921
13543
14517
13497
8051
20217
13895
6391
154
22193
7126
1513
20830
14597
9511
3254
8463
6543
19313
19645
22401
5984
2578
5642
17645
11260
4384
3645
22470
807
13588
536
1341
11673
12114
88
13981
18984
7695
22892
980
1876
18842
6215
16024
2049
21793
16259
8991
14152
10335
9541
3372
16543
4816
10535
4048
14022
20065
48
7473
17934
3374
6682
10894
7004
1369
14528
6658
15274
11514
15363
8067
772
17615
14105
9862
20136
7990
8251
21636
9170
11121
20926
15078
20996
1172
10019
2658
1006
18383
9657
821
12522
14184
13834
13509
13414
12145
10162
1237
5378
19834
21795
10697
14532
13939
6860
45
16718
11241
12833
5318
19453
3416
20953
1628
16961
3522
11371
3986
1647
8488
2330
13582
6737
20685
19823
22526
3442
21692
18788
22504
22423
964
19383
19500
18089
5938
4912
9649
21544
18662
15775
9858
19350
20166
1748
18461
19643
4926
6144
21358
15142
3392
12217
2769
2202
6940
2238
12225
5855
6619
19803
9051
20331
575
22021
16346
13435
1174
488
6965
2586
10542
10462
12778
21851
6589
19229
19118
12459
2180
22306
17789
16796
16761
19918
9925
1091
640
15815
17674
4326
5818
17267
21993
521
4066
15751
6997
4630
11775
4435
12281
19389
4026
17875
11614
9053
9593
13416
7896
8122
17509
16357
7591
16255
21488
15681
18027
11848
22113
18345
11873
7031
22506
21610
20759
20736
8187
1187
22168
3851
15411
2518
10131
9274
13338
4029
10114
12272
3468
505
11800
18200
16299
3415
20250
17305
21479
10310
19067
5809
888
12051
19767
11655
19017
5093
3970
9046
19212
6008
9185
9571
15234
17784
15218
18574
1893
11404
15088
12030
8588
7913
7673
11484
2226
22616
8761
4904
16332
6259
6046
4391
8724
348
6768
7737
9178
13149
15099
14739
13253
11003
12276
8182
20110
20032
6793
16564
8905
21033
17302
7437
15085
16803
5753
5603
16527
13508
20265
130
16701
14076
15187
8304
18730
17210
8573
11530
8850
2464
17961
19617
3972
4832
816
22789
2298
4890
4831
18717
7546
21041
22061
16286
5880
12673
208
12485
3268
16566
2336
15630
4296
8606
11661
17264
21941
4616
21130
13152
16622
5297
18395
19938
14120
10627
19051
4861
3733
15244
8184
13198
20502
21588
18815
8460
3539
13965
2436
1043
10433
1624
7540
19952
16380
16646
9066
19812
12343
7441
319
14285
8777
5778
11415
10970
5682
17166
20387
16773
22055
18246
439
12043
14529
10960
16203
6212
14277
4969
16420
17988
7564
2676
1797
8200
10761
20456
22008
9778
18673
13072
3376
14444
16162
1700
6229
17184
1295
8172
19724
5147
16922
882
11632
15180
11896
4501
3991
19272
10472
17814
3089
21984
12727
13957
17886
5770
2814
2080
21196
8115
5492
6978
11542
5584
1194
9761
19477
2763
22349
9372
10143
20000
9707
16538
2912
16076
13370
6465
7251
8028
4741
5952
17433
14378
19804
14830
12303
19058
21821
13260
15525
5891
9132
13489
12881
15038
14959
8148
15535
14439
22171
3182
19008
10421
20826
9591
13134
22160
16161
18749
16730
9406
13721
14493
7269
22429
1284
14840
2124
7402
3473
18849
3318
12487
10331
11271
20201
2574
15032
7731
10561
10869
17322
7562
763
5739
7212
6526
4608
18082
8865
21811
18555
6582
18006
8833
8941
6665
21957
15501
10416
9377
2528
12179
11646
22836
2834
10449
2122
9075
9250
14874
7283
1317
18543
6498
19010
19849
1086
22288
13697
22147
12665
9637
19582
2607
15718
634
4962
1467
6271
12213
12509
4139
17855
7050
7166
13219
17396
19368
18154
5427
11486
10220
18584
8556
9704
20372
7347
10642
17877
21935
4842
20485
12427
8855
17162
22689
7183
22243
9706
19434
18111
20553
13065
12313
22675
560
22377
10519
4297
3516
18561
6354
16540
3439
8701
10968
5334
18638
4285
1568
19217
19926
14371
12330
19515
20343
18526
4606
20964
9045
11004
5105
20777
9158
3337
1751
6999
17434
11865
8878
10109
8487
20724
5975
4840
21379
12822
20478
5031
19913
875
12432
2612
4112
13786
19970
6193
19666
13356
9080
5285
13835
9470
17853
16918
7985
8400
22612
13919
22694
701
6752
19494
14158
17730
166
3239
22030
20403
14706
14163
5244
10649
5589
1113
19230
5063
14240
21183
19082
1561
15458
21117
1191
6988
19060
4206
5069
10538
2198
17612
20119
3093
13914
8940
4036
7566
8357
1911
19153
5808
12966
1438
1136
16613
3588
3638
6803
21363
17358
20530
1190
20905
6983
2110
22105
18318
7153
1090
13058
13434
4254
12195
3413
8319
4168
64
18148
19652
5053
1832
22291
20619
20138
6384
11946
11572
11380
2931
1985
6745
20223
18206
604
7901
7121
7538
5760
3273
21214
1469
2462
6204
15665
19447
12098
15884
2549
10202
20959
11462
20299
16599
10837
9506
2179
2639
12657
9335
14458
2294
12574
17232
1943
4573
11156
18059
4056
7834
12744
8643
6910
4041
22732
22796
9789
6686
7551
10934
18239
17499
10377
16316
7767
5338
913
20035
1741
19647
14218
4914
13883
14412
5212
22855
12249
20459
10129
15437
19632
9687
4273
21552
12806
7194
6178
1984
8614
9033
9715
6086
2861
3850
11916
4244
21326
18852
14145
7580
22121
20460
18350
14434
20198
13854
20956
3069
16375
11807
5488
10330
2253
22252
15565
22838
22891
7588
2692
13517
4884
9741
9030
8428
1182
9215
22472
17566
21988
16952
22832
3361
6109
4610
1620
8359
16225
21886
16478
20993
9544
8240
21415
12363
13868
7993
19057
15197
19720
4976
1205
17177
1560
9572
16483
11341
3512
3675
10057
1479
7698
22339
20526
4401
4802
641
18601
7457
15755
2255
21630
11448
14416
6667
2291
12426
4903
15557
4109
9684
812
278
14893
881
10669
507
18759
4800
22127
11951
22332
14177
7163
15247
8124
6005
16487
6669
221
10321
22119
22640
6558
5136
7368
9888
499
16238
6934
7750
4067
10850
13930
11863
579
9441
17042
2777
12784
5981
9552
17121
21191
19893
13538
19274
723
12350
216
22813
7338
12783
13825
19621
21306
3662
10667
17939
2092
14096
276
15776
22340
21846
22386
10079
15816
11248
231
12453
6516
20714
5679
17780
14264
18723
22242
8006
6624
20904
1861
18593
11677
13777
13820
17397
6496
11537
9479
9798
5167
15050
4138
18170
21138
4643
21964
16917
11843
13167
10282
12730
16039
1799
22083
5745
2841
8370
2411
8003
13000
8441
21152
12501
16345
19505
2606
321
1691
16558
219
16454
14321
16667
3236
6771
13864
8967
7451
12633
14019
12737
16171
18974
7492
11099
16735
8633
3394
1103
3749
9284
16355
11274
15008
1728
21518
15119
6747
8566
1471
5559
19451
7991
9949
19634
15431
14986
9760
2084
6912
2357
5993
18516
16472
5070
6740
8718
10564
5423
16374
7621
11295
19806
19452
19485
7947
8108
18711
8652
21295
8790
2107
10333
20912
19729
19218
10297
14789
13771
9717
6378
14614
426
10510
3311
11947
17665
22356
7825
11281
12100
12146
21855
3651
17082
18585
19094
8381
11825
13571
9887
12598
19516
10705
20312
17039
12186
17376
8285
7996
477
16813
2571
8344
9810
17602
13838
8019
12781
7765
413
4532
17928
4034
4798
2137
12080
3435
10819
6722
394
8107
18198
13498
517
10788
4044
15960
18153
6482
16166
20224
733
1579
3939
10713
17424
6938
4522
4602
2201
12805
13725
11612
18448
14381
20808
8252
9559
8481
19917
6847
4228
6133
20011
4692
16858
19050
18192
11915
2393
17953
21447
3633
10623
12334
1991
18139
22222
20235
21611
9958
17423
11682
16675
3053
17028
12191
5321
14712
22289
16130
1992
22907
11472
20175
11286
7748
3814
18211
4898
10370
6773
1792
19335
21164
2297
21668
2052
17594
6184
5909
22278
7885
4632
6680
14901
4959
13241
11479
11552
21926
12162
21044
15332
8942
3838
21946
19928
13115
6784
2534
12851
21729
17908
16199
8282
2181
19292
17992
3403
832
20069
19985
22402
4239
6952
18964
10053
22263
16292
8999
15264
20624
21240
4694
837
17003
16235
10359
11910
5108
22769
18837
3020
9616
7793
14610
10592
17152
21623
19522
5788
22062
11330
14100
2310
14421
14519
1707
14669
4316
926
10032
2011
3673
2783
6002
6255
15392
5249
21012
19312
16560
17333
7638
15772
22214
18173
12905
16570
10720
4493
9982
16204
19672
3291
7085
2634
6913
992
18042
17449
16366
22742
9783
13172
13529
20283
16248
7655
6928
19898
2188
12234
10628
6836
16035
6844
2956
21092
9944
19299
22603
8512
2724
1524
12328
14125
21487
18884
17490
12599
17314
8156
4415
15829
15433
20097
8242
9389
7976
18794
11550
8094
18840
1165
21244
11658
16955
15788
13724
841
10898
18985
14766
886
9795
4308
10000
254
20663
17116
3176
4655
7618
13035
21624
1088
7038
18056
10854
15410
19079
19124
12864
14772
13294
11279
4487
7104
4309
10693
7429
8907
9847
18191
9001
7397
22139
4827
5773
16709
4879
4706
15010
13334
12816
20363
6820
3358
19573
10812
14331
2566
20882
3448
20696
12985
19185
22784
1523
4747
22495
8949
7687
22361
7185
1474
17038
21622
7876
19414
3984
14195
9521
15889
7952
21647
21370
15899
7433
20932
22503
19743
16716
18354
20824
21798
21541
7308
8484
14899
9484
22172
22804
5557
19542
3907
5445
10637
806
6213
13767
897
15451
18
8402
5962
2008
14858
15642
3064
8000
2862
5044
22435
16571
4883
18432
17569
7740
12324
3949
12311
15511
16219
20659
10663
5361
12721
11644
19042
6706
13347
1884
2791
17417
18622
19883
718
6427
11809
6655
11148
16312
10883
17493
15982
19971
2515
20121
10852
11117
22515
14573
12366
18136
14099
14367
613
13204
16183
15570
6256
3171
9857
5806
3137
6152
12883
829
4142
16224
15717
18033
11934
20174
11445
16816
74
22731
20090
11976
3681
153
5934
17711
11744
22521
619
22558
5814
13245
16791
8572
1569
14267
4631
5888
22620
17163
15810
15659
21290
5331
7982
12365
836
17037
15935
16340
624
774
17547
17666
2044
2604
5111
15523
18410
12472
5142
13025
3601
6275
2239
15182
20895
14329
13968
20208
13462
2625
22632
18857
18458
12
17284
435
15421
16086
7811
366
11104
18084
3630
12692
2942
9458
6122
5897
7641
5823
6078
2037
737
14014
13987
16853
11750
13309
16614
12144
15805
1957
3061
3659
1553
10586
3782
12771
16136
4808
9095
18012
14422
14326
21153
15181
4623
6389
15146
19177
1783
21380
13318
15855
13305
14844
3388
17277
17483
18290
12283
11076
8453
13286
1267
1250
2594
21142
787
9122
4857
6060
6330
21664
12143
17454
19078
1328
122
21607
20755
3161
20366
17113
218
7849
20667
4413
16521
6504
16222
18472
22844
15306
7355
794
15163
11024
21931
12471
13783
15255
19925
18750
2461
12663
4152
20022
3023
13539
10199
17311
14456
21513
10037
12308
19161
21885
8413
4423
5047
12233
14918
15105
2474
19912
17987
410
2600
275
13996
22333
2617
3492
3012
7938
3230
2680
7403
2778
1983
10857
2795
5514
2156
17131
15795
17392
21770
20729
14133
22100
15851
5386
1636
4794
9366
8697
20941
1550
11319
5759
17885
21505
3514
2343
8590
7541
13118
5728
11587
21312
11971
19572
12956
16067
8314
169
20490
22409
16903
13094
15629
6974
22848
3945
7833
9348
21914
8222
3618
11268
21235
2057
775
4685
15429
292
20405
16991
14912
7002
10774
7129
14948
3302
17900
20743
10891
230
3491
10798
1490
15517
13092
8011
7829
13083
18850
6137
33
9365
2158
11891
11291
1717
10796
12060
8150
12868
944
17145
5499
19557
16880
12506
11109
21681
15224
15245
22199
2103
22512
11667
22882
21002
5750
16770
3665
20301
22116
22537
10286
7544
15460
2021
2227
498
8720
11853
1334
12733
664
19705
13716
5211
4595
4668
11144
8129
18300
19755
20116
10021
752
663
4263
18194
19945
6358
2649
6313
12936
3515
9383
18758
21655
5094
13904
17153
19951
5438
17883
8293
20779
8656
5741
10443
9750
12478
11902
17534
6473
20942
12637
7455
9438
1981
5114
20234
9975
22408
324
5016
13876
994
7282
21280
8103
18940
6884
6929
14087
19037
1870
17456
4853
11833
10196
12715
15662
6608
14310
12924
4092
17291
21696
5295
5453
21014
3148
3367
11170
11053
1711
7016
10311
6055
21038
8351
14355
2252
14808
20528
11953
14372
6882
5323
10962
19245
22027
5048
11778
14795
13534
19577
11767
4804
7
17732
10432
19158
18102
6943
19316
1133
5625
2345
5873
21238
2455
8828
1963
4750
13651
10536
554
20720
11127
14167
4965
9512
6674
7674
14026
17234
18223
15891
11746
22706
17051
10428
21538
21316
13526
13628
18203
18421
12483
9227
5551
18064
14477
9835
5291
22432
3502
1029
2459
21168
1289
20550
5463
16605
1821
19256
6935
21503
10977
2033
13081
693
8059
2358
22665
9009
3998
19135
8110
8177
340
18168
21123
16579
1217
639
17360
7594
22860
4202
257
11123
14031
4288
8641
19404
16413
22680
991
14492
20676
12167
19531
3684
1049
6441
13738
1514
4446
6554
8623
6973
8666
9333
7343
12921
21849
11411
12262
21764
11220
503
11672
20315
8793
3234
12984
22223
4040
1557
13431
10488
22624
2685
3882
14719
8553
385
19683
18562
16926
16034
2284
10153
1340
19597
8578
4313
5010
21971
11246
22563
760
21944
2503
12930
4055
1640
5653
861
20480
14466
14997
5721
19284
54
8306
14414
21051
11086
3833
8215
12406
16323
3815
12133
17016
16149
2610
6017
20476
21248
19795
12086
15508
14182
15514
10062
11664
18071
6079
16426
22727
21564
22158
15606
7138
13572
121
1310
16555
3507
13944
17969
4348
3719
675
9763
20394
834
19254
21689
10878
10170
1878
20305
8672
13946
9816
4027
16202
21600
15315
14713
22859
2288
19901
12869
19736
15544
3543
21049
15402
15844
12166
2527
14003
21452
12254
22145
1018
17059
8960
8039
10556
13821
9843
16446
17088
6893
5253
948
10029
21841
3184
14743
620
8464
21608
20810
9219
1518
1710
19688
11452
3992
134
13385
18120
2400
17758
16710
3550
3047
15156
20241
2090
6292
51
17334
14462
2466
11437
10754
13559
3634
5820
20837
7342
18122
3526
21061
14239
20332
15012
13574
22045
5280
7878
3695
13573
14984
16306
8496
2383
15111
15415
20155
8902
5710
14800
4367
20733
4013
342
20602
13852
11504
18803
19387
16528
7274
13451
10916
3101
6631
15952
22668
11959
17226
14658
2582
17533
11161
2054
17219
10278
1231
16928
6931
16072
2420
5226
4874
249
8910
16812
20896
20836
9819
21207
1834
1725
1746
13807
21055
397
1476
13078
8757
21182
2491
6244
7798
4388
8296
459
19120
9685
18172
19115
22908
9807
4024
1752
4696
21792
16318
20657
13280
21478
1925
10015
9879
5008
11210
12523
16284
11740
21456
7067
615
21423
2371
2323
12861
10422
17776
13468
14245
4551
12118
8530
2388
6085
2169
17857
15528
13208
21569
15636
14449
6190
14499
2539
5219
19580
14755
11252
6286
8835
129
5541
11607
1505
11041
12596
18411
9431
8283
18413
16956
17489
7416
19141
10546
13147
12697
10757
2017
14186
5507
20499
5407
14464
7214
5828
4394
5608
14207
18808
17779
4422
18452
865
10411
6566
19419
8881
22546
4782
18874
7887
12135
17389
4664
17026
12006
13720
8366
8770
11911
14513
1727
6113
3015
15733
9533
22889
461
2813
20943
10868
10353
5154
443
15416
19579
5689
10373
15364
13903
18938
14000
10340
4934
11502
3549
11019
7994
13620
9594
557
7079
21118
11147
16569
2743
1994
17387
21022
2805
18385
11094
9644
6831
7730
14042
20584
21794
14805
6807
7260
9700
22452
15721
14816
8071
14033
1580
16379
21354
16092
5641
6644
15564
183
14180
22197
14571
20446
18389
18897
14333
9423
8871
11436
16682
14701
6155
20378
2446
17349
15711
11914
9135
7170
12096
7193
21330
20240
5777
1373
15922
15356
17478
8425
21252
20823
22611
14052
17510
19703
20479
2039
549
22064
21110
1244
13507
3144
18282
11570
16134
5370
20983
8888
17600
13612
8330
13532
6685
5313
8729
16205
6687
16588
12049
6107
3580
15563
22647
9382
10316
19635
10543
15203
1322
13751
13433
12400
4920
21459
15209
9668
20290
1011
10206
10919
10262
5033
14975
16840
14884
20581
12183
22170
6366
14095
18970
13759
10139
5639
19160
15700
6926
19072
7418
20613
5829
13174
5116
150
10925
11444
8082
3382
4991
15614
2585
17002
10790
16751
10694
17313
22701
12577
8867
2753
9485
5265
9208
9314
18466
8383
9277
17722
16090
20256
13584
6304
20009
14375
9943
3326
17394
10665
9923
19384
3316
19944
4068
1724
20493
6308
5293
12304
18609
2669
5624
1541
8813
15022
16766
15886
9251
3132
16342
771
6776
15560
6716
8704
21028
6075
7760
4481
32
4412
12753
17479
4137
16942
2438
13934
6930
15419
1229
18789
5668
9355
17481
10725
6484
19329
20412
15513
13449
3400
18053
8360
20059
21563
10313
2140
759
11755
22350
12840
18900
22137
10438
16415
6016
3481
19858
8700
20087
3599
5129
12063
1013
1343
393
3062
14004
16517
14103
4194
22790
6673
22460
14770
3861
19892
5061
8569
11696
1357
21989
17567
17859
20985
20968
6936
3866
18140
9679
8795
250
14327
1239
1630
22451
12189
22481
11781
12184
11396
8328
11469
15663
5740
14714
21677
18144
15015
12515
6617
16160
12588
5988
15345
3283
7060
9031
7899
6183
7057
4819
9892
22053
5455
22103
17453
2906
15520
13552
12610
10576
9153
21867
21160
7001
9723
22738
18368
16429
22837
8555
11727
4144
9421
20396
8217
3856
13805
4711
15509
21184
9328
11917
1483
1150
5874
7583
9404
971
5007
4860
4672
8852
16112
12141
13112
22766
12048
8151
18529
5866
1905
11091
17156
17099
18557
16727
19247
8267
12766
11207
14011
20161
12941
7167
11606
2820
7553
11666
7724
12474
14429
5670
717
17719
14143
17954
20420
15847
4057
22180
14174
7155
15667
20337
10077
13882
1021
3928
10464
2220
13623
4386
3193
220
20341
8523
21414
17960
17714
14862
1886
19977
768
19691
22148
14754
1499
13146
17006
16914
8130
94
20074
21309
9091
242
4025
19053
17243
2690
16435
13069
6925
14067
14562
14302
18600
22767
15380
2450
13205
3375
5660
6871
22087
14538
9977
13576
7506
6263
11417
22896
17053
1593
22247
4946
14032
3883
18436
7420
7007
13561
12938
12176
20791
18138
8581
20924
1540
19283
20529
14815
3282
17929
371
7366
8953
14347
8694
18428
10487
15145
15639
3445
4823
8509
3818
4937
12854
8367
17545
2817
8705
8336
20438
8020
1238
3793
9253
10469
8384
17044
18265
3960
20819
15121
18512
14050
20125
13830
17359
2901
15407
18824
4633
8570
3022
13121
4447
2531
2232
17520
4523
21528
10476
11850
21397
5441
6287
7642
18009
4907
17515
1424
5502
11045
12469
4404
11994
8050
3368
1726
3706
1500
1626
7349
17269
10862
5899
1948
8354
2750
5288
11305
2020
10061
13186
2868
5002
15863
7378
599
11242
11026
11136
15150
6718
4769
20753
11954
6492
6892
4938
15917
18671
4141
15216
12307
1132
6723
7800
20575
18519
3860
15046
11589
10090
17830
17899
4129
16497
2332
3042
5190
8329
1921
3834
18575
7869
1104
12131
1581
5433
5587
4592
7710
6607
11083
16106
14964
3709
15970
17811
11598
20863
10880
1329
8868
15572
10906
2094
6585
21768
9516
21402
7875
19575
12857
1511
18726
10493
5662
10283
9660
18489
17106
14149
2488
11580
10686
1429
17755
18917
2921
9973
1694
16164
13630
8415
20593
2043
3259
19827
15222
20409
18949
12832
20506
9073
19785
6541
5110
19034
6089
14379
10070
21570
13251
16488
8532
148
21030
17511
10518
18177
11893
19183
6895
5374
14484
6804
19890
20833
21454
17664
18119
3256
7628
7056
16423
13018
19605
22895
6296
22646
7552
17991
19992
15720
15634
9938
10769
16823
2715
9691
11328
14514
15495
18420
448
5853
20805
8206
16208
11557
17288
16
18263
16058
15698
2206
13203
19655
4534
11243
119
13632
6147
19567
16537
9602
5073
5815
16209
1909
13055
18556
21572
2971
15587
2285
4974
9255
1301
21079
22283
4340
5464
20449
8134
21411
20891
10523
4136
651
7647
21776
11783
16054
21340
11837
10653
19411
6846
22555
20109
12455
20658
17692
13322
6418
17915
10458
3841
18167
8465
10225
13317
20146
15124
16250
13297
15366
6721
1650
61
142
16414
17687
13717
13481
454
12828
8001
17245
17271
14835
7218
6245
12044
2133
19534
20335
14227
20447
18739
660
2398
4658
15906
13826
14944
989
7746
12362
9610
5937
9603
7921
4707
8860
1387
3768
7507
598
5437
13530
11811
19011
6919
13506
17189
20376
5792
16837
11044
22310
1178
18391
22491
19039
5027
9004
4793
21948
13780
18736
1143
22899
7143
9762
18134
3147
20662
8985
21042
12866
20980
20357
8190
11296
13267
8226
12073
14491
14715
16028
467
19514
1440
12439
6128
7977
13948
2910
21020
19255
9928
1586
3479
22870
16846
7597
5408
20187
20517
17217
15276
21344
952
7275
19533
10227
10890
13257
583
7263
22489
17159
2709
15925
19468
22032
14934
12544
17609
1794
16972
19147
20057
5621
12402
2923
15890
4214
16251
12583
12955
20307
22134
9787
8119
20813
4035
7539
21360
18680
20597
3232
2576
6956
15991
15808
18299
21485
11057
1353
2984
66
2470
11560
6859
203
17743
7572
7017
3354
19054
8339
11259
19027
3208
14394
14838
16573
19488
431
6146
13691
10452
22879
4022
10259
9608
21712
10177
15802
3452
18449
9077
4718
3880
822
16223
15355
21345
555
7778
12835
12823
12538
331
19554
5949
13872
11266
19618
12210
20066
591
13929
17628
20014
7071
16116
7388
17048
2670
16663
22793
18961
5691
390
22723
6220
12408
19346
15615
5187
21325
965
15611
12388
5914
12624
22112
13131
9187
1829
20540
14747
13388
10039
14318
17279
3198
22212
15075
15192
22369
214
20640
15646
15916
11852
9997
13707
22893
13323
12101
11588
8179
13898
5286
15057
12794
643
20346
6570
15697
1155
2396
4682
17747
18694
5762
9182
14051
4763
5339
20010
14845
9426
3951
12658
14070
3870
11862
10760
18397
11706
6711
19615
10547
3874
10626
1100
16406
3873
11861
5821
2682
16546
20225
19929
15534
4018
7230
17507
19002
21433
6208
7670
3488
13528
19853
19104
3578
15351
10941
879
2797
20257
5179
20349
19197
11307
11264
21222
5775
21565
8081
21651
14127
1872
7727
14278
16121
4585
9826
5895
16885
58
6529
17469
4730
5500
16432
2764
14083
13832
8728
18751
21862
5960
22653
22417
2185
8308
8740
9195
15056
11797
1076
7474
6887
20276
4355
6676
1965
20319
7489
2728
17783
10980
8822
3941
19874
13085
22279
11651
1316
3181
727
22253
18374
3807
8193
495
5107
4102
6609
2705
13544
6869
7422
12992
11179
17274
8952
17821
5188
9454
16313
6248
11980
5494
8316
15566
18923
3079
22595
19932
11126
15157
9332
10250
1428
2448
6285
20735
3073
4653
5856
2260
16660
22272
10544
16844
18016
7720
15823
20960
16061
3225
18174
21082
16908
18810
6712
4343
22834
5289
17165
18106
1157
4929
22883
629
13794
6333
14407
20536
4557
2248
7743
12561
10065
5861
21400
8065
16782
18560
18830
9568
17239
4981
20004
18595
3590
20971
12423
871
13244
2055
7161
10545
3014
19749
437
1657
9116
2359
4236
11759
16893
14509
16168
12916
4467
17922
10771
7810
16924
4008
10953
16436
19788
3899
748
15918
22598
9581
8507
65
8422
9203
7603
1273
9488
19195
6274
1780
589
5564
19257
9929
6733
20373
13859
19947
5868
7657
22631
20214
1805
2269
22051
7685
9846
13164
19418
3501
4636
7523
3535
15014
11730
12421
4175
198
9675
21951
15297
6377
1437
5036
6307
20041
5677
4357
2077
9867
21069
16095
6858
13931
14811
9160
7171
312
12739
18552
1036
2035
15510
19907
2065
6321
19143
20068
16514
4379
22822
16512
4984
8040
1619
725
2414
20007
1002
14814
7595
1227
2272
17720
14261
2349
4434
2183
19203
19915
5198
1978
22092
2787
16098
930
12664
22449
8120
1846
15226
13428
14452
17096
2959
5243
13740
8743
16783
16392
3125
2656
15098
6590
4173
7092
5989
863
7277
4425
4183
17388
5953
14919
21313
18744
13687
2337
3736
15348
286
11942
16899
4955
7614
13969
15618
196
16965
17604
5274
4545
15600
15489
21847
2739
11650
18912
7761
14409
11576
14741
7448
11988
19327
11603
4453
19273
2340
7222
16256
13450
9247
4617
16888
22114
12434
12361
8744
17289
3828
6848
12959
22741
18677
9263
18271
17770
5292
2029
13599
11538
19354
476
9452
21578
11232
20563
15515
9136
14589
17580
12987
19145
593
2476
19133
17746
15067
4390
15989
6823
9942
8719
13869
17787
9897
11955
8766
20661
17253
570
11818
3494
15559
3331
19087
10930
16367
2545
21806
9823
13427
21986
2980
6211
11642
1023
5078
1461
282
15845
6671
8848
14904
4843
11200
9261
13020
2222
7243
6815
9282
843
10529
12132
10517
978
7107
15706
10861
17231
7059
13616
9636
5461
17955
21300
5538
4737
719
5931
16264
20064
16691
21277
10031
8603
7279
20249
12890
4502
16516
9767
10858
20514
9259
436
10006
9617
21834
9138
17952
5169
16348
2154
9895
2391
10748
2212
22077
2584
1362
16101
20827
17256
2700
12447
16329
3957
20268
7851
9832
11323
15436
16719
8541
7273
14863
7806
12386
16091
21676
22639
11442
5554
13417
13801
329
2157
12289
16258
6886
22084
18826
5469
17996
6331
22661
6045
14758
618
12069
20877
12922
6753
12565
10735
14605
7411
16424
22725
13535
1817
16242
21009
10752
1651
15054
272
789
16976
201
11738
9010
17119
6224
6196
7482
4999
15190
6214
7072
14089
19840
20414
14746
6898
17350
9782
1427
600
15885
18124
10952
16551
7840
16293
7678
10281
8077
22126
8
3852
11005
252
1207
7804
1972
14066
6409
3420
14645
212
15070
13861
920
13758
5165
21980
1460
10325
12768
9442
3105
11629
1156
14147
18661
466
27
1279
6022
60
14978
4411
8518
7009
10833
22498
7663
3832
463
1412
8456
5727
18783
19973
187
22857
925
4330
2223
18748
14283
22795
14334
15053
721
706
16745
13463
9081
7005
16217
12354
15682
1521
22792
9181
15986
3317
22520
7973
13923
18521
167
5415
16494
8231
16056
1820
7320
17652
1670
13441
18778
6206
19586
22250
20638
18116
4110
10984
1495
15051
7483
13790
1946
6139
21747
8589
6073
17299
11900
19282
4115
12032
21812
6442
19953
18618
16780
9765
12510
5942
14438
1480
5317
22208
18558
6828
7280
14877
4625
8297
5536
3940
13661
7561
13482
1342
346
11633
4359
4508
11068
18096
17698
605
17402
4368
12319
12256
8163
565
18268
5466
8709
19730
10324
21389
13399
694
9851
20385
8711
18093
8264
14208
12951
17973
13240
8412
4134
1574
14131
3260
21171
15314
14055
12662
18538
16541
18838
20740
4770
10272
7292
19571
22013
4269
13964
6431
2118
7053
15743
17418
20741
5756
10450
10829
20398
16099
13255
17138
16008
811
21173
17738
19763
13057
12007
9296
6605
16892
13316
8416
5941
15839
995
4936
7332
12484
10635
12592
11454
19819
9529
1470
5233
15946
13656
16157
18915
19279
4891
15778
1173
16084
12749
7084
14265
3263
4538
8213
4276
18971
1001
479
1050
14734
3253
19301
22038
15543
16279
1418
47
19695
13792
10033
4661
2782
21840
10922
5276
16642
13335
8955
5306
13542
7688
223
8423
4402
4293
4148
9629
9563
15592
13503
2162
22433
9461
127
18462
13105
16584
6894
8225
22756
8268
13810
15877
16296
17195
9967
4749
21349
4217
20017
3571
240
18416
7926
12787
7519
13367
4011
7648
1648
2209
2147
20900
17672
15401
17650
5725
20976
5979
21785
22014
10948
5125
3464
19298
18351
13456
5174
15243
9280
6662
13368
1954
9469
22484
2060
4708
20429
1997
22531
9244
3855
18757
2748
22807
799
3474
18689
1765
17127
17624
661
20822
16740
15230
9268
21484
20546
15981
22381
12666
13556
22873
22384
4492
1977
21205
22897
1658
2384
1274
3640
2738
7955
21151
19470
11366
17914
6937
1426
17496
18323
4266
12462
18470
17017
3974
19424
17208
4382
17427
7454
11808
9213
9048
13045
19598
2711
14053
3459
21451
7442
15496
19048
2759
15454
2719
11028
10012
11524
416
12770
21116
9953
19304
16604
15631
2839
13779
10005
12277
18856
20114
2569
2976
15782
12192
11010
1826
18613
12725
13430
2884
20379
16795
4252
10805
12765
18407
1854
16042
4701
578
19801
6967
5224
11652
251
15942
20773
7838
10391
1129
6236
11183
20835
6588
18812
13690
12286
21580
8571
11803
18653
21121
7201
9002
18953
12892
20027
20243
2895
13299
704
10008
4323
20683
2818
11080
8276
15813
15422
19045
8053
16958
9869
12862
415
9565
11031
21858
13927
5328
2174
1543
5567
18278
20181
1223
3605
6031
16213
3231
6621
21467
6942
22231
3120
8295
14112
12437
3628
5476
5528
21492
19499
21679
7501
21650
2619
14908
20754
18537
10913
8681
18807
21904
3277
4012
7362
19080
6319
6059
13635
2997
18752
19790
8811
577
21535
9193
4414
2347
18229
5539
6033
4410
13377
18615
20186
22726
21658
20291
680
18447
13650
11457
1060
12335
11860
4957
8513
19190
13220
22292
9194
17587
486
17805
4165
10808
7660
22388
17008
22906
17103
2105
17671
457
11522
12359
1145
5997
4145
7353
5322
19732
7224
16052
6813
19626
3051
18303
21598
16069
6518
3971
8455
18687
15690
9
22534
13757
3923
5023
3104
19984
14619
9142
3151
14390
6601
10650
21070
16856
9249
21545
16122
16589
15573
20807
779
19253
12082
19047
15002
3911
15079
16845
15909
17907
10794
21120
16335
15477
19950
11741
20690
5543
18400
4558
1547
19406
7070
4449
15241
21820
12136
12755
258
7836
6611
16970
22169
22227
12231
380
10186
10007
16559
18296
17903
11756
8461
5357
16661
6681
3639
3338
21698
22154
14682
17080
6020
5521
4477
708
8233
9732
8506
10069
15936
9061
13840
16784
15903
20178
2846
9342
10060
5693
12113
7609
22042
10296
8517
8919
17218
13583
10551
20160
14418
8346
2774
15296
3197
14258
12706
9364
18903
13501
5206
21568
3930
16600
19891
8269
7419
98
22592
11561
21599
261
15184
6439
4667
9196
610
22545
8706
19644
9112
8998
16608
548
8782
10726
22412
8554
10701
11389
15044
9173
21432
20521
5104
17129
14995
4528
3921
8687
10501
11875
14155
13768
20762
21773
9974
20645
10766
20671
14157
18612
22117
14005
12126
15826
21063
14568
14391
2200
21991
2214
8311
11878
17215
9480
13551
14200
6817
3284
5223
20113
6052
20670
19023
16581
7027
10436
3822
1952
19336
21298
3048
5766
2703
21983
3586
12056
6383
18158
20857
14351
12863
5768
6192
17229
1243
13381
489
6084
10817
1607
20340
11331
22775
12558
6557
11796
21913
7476
11615
11758
11470
5329
4399
4396
17529
5452
5816
7417
19237
9487
21996
10299
7681
11098
1940
9641
20744
14413
3078
14376
22020
7753
10595
20270
7841
3610
9537
13122
8035
7508
22827
1096
9840
7157
15490
44
16857
8755
21635
10885
11935
19831
22607
15542
4408
2031
6029
2966
15575
325
8321
21351
20881
5704
11129
7148
15252
11105
7475
21176
7754
15861
20095
2244
16525
4506
19861
17649
17112
2249
4439
7575
9950
11826
11329
22851
876
8722
1281
21962
22228
19940
15769
8550
3033
4006
657
16416
5659
12358
9520
6289
18732
379
12130
7241
22712
9171
2176
7049
18052
6398
3652
159
8013
333
22187
2085
1881
3038
17045
21218
15691
4790
8838
7807
3824
6088
19771
13764
6189
13833
3717
10314
8186
10158
18333
10048
18069
19845
2368
405
19651
21398
4280
8869
10520
14034
22440
11191
22463
5501
17659
6297
13845
11888
1392
2192
2907
18405
5943
18697
17869
19435
15309
17052
8659
19466
9427
4476
9295
1377
6868
19937
15961
3813
9087
18319
19009
164
18989
11828
22830
21929
11889
10598
406
13511
15154
4480
5548
7871
14745
15921
2028
8915
10095
10809
6853
2918
6069
10675
14968
2702
654
12108
20694
12061
2601
10823
3595
17473
9884
5380
19958
12440
11847
11534
15897
22622
10284
12177
12068
21992
3261
1645
10361
11525
3897
4032
12257
21999
17879
2972
22407
18273
6126
19333
10440
15964
18242
1336
17970
20937
21908
10764
11108
9012
2164
10309
1509
21531
11549
16229
19706
9910
10491
1383
11476
4777
11575
21579
1644
22183
2155
11431
15288
4657
10364
20001
13915
7311
22091
8789
21381
15331
11036
8369
3671
1889
20474
15799
22072
11515
5921
10928
9228
2892
3650
11604
20844
4179
4464
9758
18769
751
11186
11551
8398
4429
974
14702
9712
4233
19566
19941
8375
7100
10765
4674
15957
18328
21036
7238
21880
7815
8560
11221
13613
4942
19517
14431
13216
14765
9619
7881
10618
15069
8524
12855
17076
22185
14399
6295
1687
3892
8041
4251
20524
20548
20815
15597
8911
5268
9341
18163
3238
316
6701
5933
5475
20300
8714
2322
6080
4076
18503
1048
5242
5472
11153
21387
8143
2415
13084
15063
11464
19591
5431
19242
7497
414
10692
3499
11035
6443
18820
1830
5416
8449
3858
6783
1534
19921
2990
6863
21534
6663
16530
11058
6114
10393
13763
4089
4247
13735
3352
15632
10252
21705
22805
8598
21807
8112
6381
21595
5805
14483
22898
7636
6323
14569
21910
9298
14628
9473
1303
10183
355
7480
9401
7340
5218
21393
20817
9716
9162
5601
7136
4462
8859
11414
11222
12745
3657
2828
3319
21071
6352
3281
13814
20259
7972
11188
10455
705
17439
3569
10604
8987
2259
4188
8619
4584
3631
21559
7229
1204
16271
14263
5076
6756
17023
6459
15361
21787
10742
18963
2525
17832
1818
13210
7449
4255
6298
5532
5617
13782
747
6683
7989
4135
14221
17118
12064
14773
7068
4603
18536
1635
22478
15738
12367
4160
8026
15228
6502
19289
9368
13106
8817
15281
11460
10344
18745
2040
9828
5435
21775
6798
17535
13103
3213
21099
4637
21839
11355
12913
20048
3641
780
13170
10674
3518
21374
1047
14304
14115
16993
12834
22149
10715
20600
2074
17997
3585
16500
1819
13119
7915
19595
20534
3122
3203
11886
13667
7944
7223
21463
18379
22174
14977
20275
18871
4700
20292
6072
5799
6063
2472
2134
4516
6481
13291
16925
9272
2143
15358
12973
19214
10835
7431
10426
11231
15320
17462
21409
21015
20611
14029
9188
9286
15082
12441
1179
22485
9267
22000
14469
539
1167
11722
14521
3330
4847
22141
13671
10500
188
3265
21737
14485
11885
7235
7868
8781
12209
18322
103
19864
5831
4063
12378
11303
3890
21832
2095
2833
12573
14113
22334
20037
15774
21239
4902
16169
12508
17365
18943
18486
13500
12454
8307
17203
13579
13990
18337
11562
7690
9099
2463
5067
17247
17981
8964
3505
14292
1919
10034
1450
6161
14759
7735
18754
13619
10087
8027
17494
6450
2573
14873
10495
3094
5715
9258
20227
6425
13755
12327
3503
9111
14358
1235
21202
19748
13308
15874
20561
1845
17321
9794
7604
6346
15867
8135
20469
15005
12811
10223
15834
4339
17276
10733
11855
7983
7889
9983
19471
22041
16542
12238
21906
1441
11340
6048
12908
5495
21267
3410
4100
17398
5749
18418
17656
22296
5957
3722
20421
20845
5640
7986
21652
9830
14696
10401
8431
4149
18722
11962
14947
11247
4064
18980
7709
11410
16927
1995
16228
6946
6455
5523
7103
15934
4758
8439
17019
8557
4806
13799
3524
3487
7267
7781
16272
4075
10125
14323
20159
3913
9474
17863
13991
11533
8562
17293
16031
5283
9586
5824
12945
16477
14583
7010
3827
9643
8462
21816
4001
14534
1958
2962
18986
10950
4721
15107
21323
19784
21303
2838
3894
14332
6472
1811
11674
19936
16576
22290
10145
6258
21029
2377
12275
21654
14936
18338
15153
18050
3908
7184
4910
18062
2500
17633
22265
5782
3465
19744
21615
3517
20306
10054
3480
6028
5849
20251
14511
19202
22814
10379
15081
5152
13475
19650
22525
22079
4218
1599
12496
9028
12430
11806
10306
10929
8917
5440
19309
17717
15027
5833
9494
21934
3243
13960
20112
2870
4069
22217
4431
22343
22081
10727
14061
9378
14726
12761
37
17579
9374
12382
15888
8337
13296
5623
19112
7745
5225
16817
15645
15500
1259
18843
21177
1034
9290
20776
8531
13870
9313
7814
8820
8746
6423
21466
21189
17250
19902
19981
19016
16931
13797
6118
3081
18110
11235
19546
2930
11114
1324
4975
12520
21720
6562
14533
5319
4084
2561
7327
730
7252
19678
18926
20601
11949
13285
16532
547
8842
6058
2421
14582
10439
18117
209
6164
2641
12345
12370
2749
5911
235
2667
11343
2761
12638
2572
12880
2270
20721
1585
11856
12052
16790
13268
6203
9445
2952
8073
14637
10192
16842
20872
12326
11405
16428
4547
3668
5487
3373
9829
6648
22511
18833
10826
21985
18960
22692
4204
14886
11812
10622
13560
5025
8528
15342
19374
13331
1902
15907
22095
14989
9663
5881
86
15661
12252
19740
11314
18284
20890
15649
13625
1219
496
21625
2087
10671
18327
22826
1520
2502
13581
21334
1302
3240
9493
18667
13432
16714
16623
7584
424
18806
16141
3249
7174
1290
5930
1457
19020
5101
14437
13155
596
1071
19173
4123
19157
17614
2590
12518
21643
19556
20869
19059
1035
7046
1271
13478
4
12301
3783
19504
19822
3444
16097
1245
20439
4615
12643
21273
1017
10992
8494
19339
3460
21551
9817
15965
7041
7450
4197
13863
4947
4250
15341
21226
20589
5663
650
5227
2948
1781
21246
5796
1169
13067
18545
622
14875
2397
7288
12368
19873
16904
13670
15453
7064
14172
5726
13050
18782
10793
11634
14451
15298
10908
11163
22439
16519
22651
8368
19360
14080
16547
10457
4346
20388
1
10394
2351
5844
11686
15280
15583
19038
280
4894
7272
18406
21772
11787
8779
9214
20578
21376
6805
14537
13015
17431
15308
16704
21426
15125
7364
16009
3045
18312
8399
16808
124
350
8052
21011
11162
12584
12181
6158
18756
14793
20508
22268
9141
7817
3577
4896
541
14796
17763
3635
9176
15873
2663
12516
10201
11482
16440
1338
22538
16585
6761
4319
2495
11011
11912
6842
21854
14868
16014
18366
21359
14962
21172
21443
12661
8595
9386
856
15624
8563
10406
5594
8763
4563
12224
8787
8834
12621
9357
10944
5991
12815
21271
6634
20151
4336
17007
22593
4830
12414
11160
16974
19528
14822
4688
6474
12341
6260
6924
13765
12825
10607
13371
11070
1956
10997
10842
21799
9737
13413
14502
11449
7261
8979
18525
10990
3509
1126
15034
18252
15574
11061
19357
1993
14360
18515
1358
6249
18321
16522
6186
9014
17401
3936
16289
632
16520
2280
17221
15818
15968
11289
14992
17378
1835
10839
15386
20148
13818
13176
20371
7843
11138
19405
11690
5127
1603
17228
19194
274
21703
14933
2111
8937
19815
11793
18043
19000
4583
16181
7472
21477
9174
5418
9184
2424
19764
19184
9312
2177
16629
17238
21561
12212
19215
7406
20946
8648
2228
5916
12053
13622
19709
15555
8843
19649
5754
9626
1333
12814
4872
11440
4572
21050
4337
17316
5448
21781
18828
6699
13139
21242
5148
11182
20566
8403
12245
1379
7503
767
5948
14480
10832
18090
17643
14408
22527
18363
14572
18051
2697
17172
20831
15171
4253
18832
7514
13874
12422
13396
21869
9109
22056
15035
8236
6602
17415
19782
16474
6577
6143
13924
20026
13610
2032
6043
10783
20649
12036
2917
17361
16731
1124
3710
6111
10116
14717
1385
11101
15901
17180
8141
17386
13389
22240
740
13681
20800
22464
8208
22166
7717
19711
21631
18254
14079
20158
4635
3775
7981
19032
17084
291
2494
14678
19564
2943
556
13281
21828
18762
10489
15031
14983
19789
13238
11273
1988
2794
7723
19609
18637
21462
14369
12906
20510
7729
20889
3343
4977
13093
15601
21763
5122
3090
6446
11327
11923
22818
15164
12521
8207
19159
19920
8750
2815
572
22413
19116
16507
1078
17544
2883
2193
21889
10140
3335
9478
21148
10589
4740
17419
10946
18362
4693
12419
7602
13125
14887
168
17012
13785
1756
19243
1431
4230
15019
12738
10101
4604
12870
6270
8574
18280
16071
21968
16873
13128
21019
15048
679
16618
17663
5465
16365
22285
17110
8305
10164
14146
17139
1880
14587
4042
11859
7568
14211
13087
7256
12410
19639
11072
21517
3321
19760
7436
12318
19363
4719
9678
21125
8966
12381
8753
8946
22260
5166
4387
2880
2733
11140
21713
9523
15076
9592
14969
11461
13043
5992
17235
7598
2946
15521
12656
13298
269
2632
7446
20167
15068
20390
16726
14270
19855
1242
16510
15346
3982
2842
5356
16868
1142
12467
17892
21499
9211
12235
22389
12553
18283
2468
16836
11529
146
13193
2456
1623
14487
7118
17327
10241
6520
6738
4960
817
5428
21915
15074
12452
7535
8561
1915
11668
16022
15987
22082
14667
18359
12698
18567
12632
20938
21378
10577
15973
5419
8691
11747
6593
2887
19420
19410
15638
12223
17716
1606
21223
21155
20918
15485
3223
12147
14753
5922
7543
14733
19233
11752
6101
18887
19004
5231
15420
5139
21672
7582
10385
9652
12076
5583
15578
17694
8899
16935
1351
1105
9899
15683
3155
15130
2374
1996
20630
19103
20425
11202
16937
11687
6704
20013
17874
16574
15709
5738
5307
8229
16910
13150
21395
18155
5701
2826
2772
345
7715
19310
12221
7664
8457
12216
133
15382
21102
6705
10347
18988
7477
18256
690
16855
21780
1061
13812
9059
4389
2553
4349
8580
20512
20780
16577
10770
16220
3152
6511
3624
20392
19680
9561
18927
22747
11995
11167
6151
22471
8698
2071
3789
11056
1554
13222
17636
2113
9692
2465
2241
12627
14821
20272
12002
9090
13608
9349
1378
20681
9666
14441
15556
11362
12247
7158
5920
4755
11574
260
16027
12714
15235
10947
12580
14282
14942
387
7975
2268
339
12991
13005
16638
21876
320
20424
14943
17799
20401
8535
22422
1542
18441
14763
15571
1462
14871
14159
13906
16132
766
2925
19338
3426
19758
11907
17531
6944
11152
21911
19428
20958
17178
3140
19225
21166
12804
17083
21939
11020
5560
10280
310
16962
5961
22318
194
19637
9947
12364
15752
22541
2403
9507
808
21489
3546
7675
15730
16526
6774
1848
11456
19798
13082
3521
420
13486
10018
13032
8759
5344
22016
986
17640
5697
14748
9101
10113
8162
20765
14237
3192
3018
14308
22876
21010
3943
15658
6675
19295
174
3769
11075
22122
11901
15334
181
17337
20698
21200
18571
4520
10204
8645
2480
8088
382
16753
21686
5065
4536
2786
9262
17497
5918
21691
10673
12647
19268
18636
14309
3359
756
19099
1363
4395
14123
13490
20179
5300
10991
16427
22234
18029
18417
12937
2712
18227
22715
8164
17815
17000
12961
15554
19821
18904
22039
4986
6032
20999
5161
1686
3849
13276
5237
8272
1298
13587
10691
1359
3141
5184
11275
9960
20909
21813
5366
18929
10870
3019
16037
17029
17435
18014
5192
8173
15481
1003
2429
8243
5296
21186
15259
18740
14638
14551
16930
14649
12499
14853
6731
15128
12211
7529
12602
3257
21491
14894
4500
6732
12442
4911
17467
19629
4456
20442
15760
20143
17957
19588
21701
22441
19759
4944
5430
9288
19170
18854
9647
2687
1912
20168
11623
22132
15562
1159
10603
15083
14288
19786
2184
17794
1847
22323
4131
11963
10707
8886
15397
743
11564
20789
19046
18603
3351
16109
16919
19558
19811
6376
954
13047
5235
17920
5879
1563
19271
1773
7488
7479
12436
561
10964
7721
15272
5315
17749
3188
21663
11511
9269
714
10555
12831
20767
21385
7424
9585
14433
4281
6630
9331
8096
4231
14276
2894
22516
8611
17450
21404
11868
2857
3699
6153
11733
13009
12539
13639
7182
17806
402
908
6166
18130
16850
12566
3024
12798
14210
19870
900
2182
2904
17403
21682
7510
20140
17502
22530
8493
9376
21789
5651
519
10521
5648
14665
12688
14365
10279
2261
12385
2831
20348
21106
8712
1352
19122
1519
7898
949
10646
22783
19707
6528
18261
21754
4992
3117
22380
11866
13270
20382
15120
20684
15866
2063
7099
6226
15910
11729
16536
19773
1251
6309
233
15617
14618
19668
17468
17355
14397
10011
19356
11324
10046
2856
16007
19432
15849
13249
3948
10290
12612
6501
19151
9759
14961
15239
6237
8667
21634
15607
18088
9119
9337
8085
21211
18367
6960
14966
5426
3429
12853
6209
9168
10133
8679
10287
18494
10814
22777
8594
2007
1210
20588
2614
15635
13949
20587
9322
22308
16554
20897
14585
20590
16759
17861
16806
1895
3688
10563
5481
8909
15540
10746
9918
10222
17416
11704
9747
6698
10392
14896
19314
10410
1764
3965
12377
9398
13886
22176
13714
16114
7054
13847
22654
22047
3636
11425
14679
9999
16711
8522
21296
21958
12691
20876
4705
8037
5951
9877
10901
10516
8204
14902
9308
6883
9453
6785
3269
18679
21417
8157
14205
17712
9465
21178
8424
22779
18190
21495
10228
19090
6905
4373
14883
21085
12896
17654
15140
21005
6715
9279
1809
6351
22436
6205
21521
3146
14135
20328
8406
13938
12291
22643
15783
9391
20085
1275
12576
5155
17272
18169
6651
3169
1026
21727
11093
4172
1730
17966
11407
16518
21355
17723
7732
7036
8703
16843
5540
20883
1536
3780
14710
16886
356
4374
11336
20525
15737
5518
12253
8892
2402
7240
16750
18455
22579
16649
11132
12944
19014
10351
13594
4780
10641
7607
10541
14474
19685
15598
15911
19739
3402
20320
16184
2416
11925
14436
3914
17093
6877
3553
2827
3567
8676
3679
7440
4262
8950
21282
15100
16352
4866
3759
4582
6317
35
21883
15764
22655
17576
21274
7389
7210
17683
16400
3617
20704
22730
9567
9352
16260
22584
2160
369
15295
15686
5490
2742
16744
20115
1106
13061
18911
16586
6875
7520
21592
16693
8933
8152
16001
20213
3795
17910
7456
6527
18569
1668
8788
4554
7109
6891
1087
2891
13505
11571
18916
5858
1270
3131
20445
15263
17487
9503
20210
15619
21657
16897
13973
11065
6349
11312
2457
15229
13899
16104
1095
19330
15307
18969
12684
2361
20226
18031
5411
14952
21659
19001
18918
6550
6082
9689
14199
22461
7542
9385
14341
8771
11397
10188
6809
17677
20142
3840
20430
11510
16687
5389
3328
6800
8780
7870
3906
4306
2506
22736
5483
13350
1933
20556
22156
21899
14987
14130
8501
17192
16923
20859
17661
21590
12807
1276
1844
15329
15206
18349
20706
5449
22300
18114
713
11685
17444
6591
12734
3990
1823
7487
4107
15093
15524
9606
7872
20634
12202
11937
7086
6664
19865
10867
217
2221
2734
6173
21715
3537
9646
10704
18535
15427
4825
5838
17013
18727
7405
3572
18901
22720
12740
12594
8191
12838
530
4897
22811
20977
4264
8839
8928
17498
17927
20455
6856
12227
1916
481
9149
5412
18024
22780
19696
11386
8317
17638
20046
13107
1468
16353
10507
15819
1069
8420
5903
10534
1759
13871
20034
19910
7346
7205
823
6810
22513
19130
3748
6344
14974
20393
17527
4301
6353
2517
19465
7902
3057
3935
17077
20549
14257
19966
6688
7772
5186
1465
12187
1533
18184
9252
9757
13577
17175
8585
5590
8218
19974
16553
544
18475
7906
4771
12836
21802
7653
3008
15459
8482
17586
18564
8904
2128
16441
17426
21810
15442
5131
2671
20970
4486
4226
21728
21687
538
16261
17619
6569
15191
3705
17513
10191
3160
18266
21921
13156
18484
14547
19826
13024
19568
735
6549
12631
20170
19640
2696
19481
9397
14850
18836
18664
10985
17933
9370
901
17704
3314
2975
15731
11339
6612
12567
6981
5619
6503
17335
11639
2141
1261
17522
11899
3745
1283
34
872
13019
395
8241
18948
11832
1347
17865
6918
19742
5172
18073
5787
17577
12775
15441
17001
10571
4016
13932
10779
2876
13395
7029
15463
12654
22711
11359
12674
20417
20271
5228
15796
9628
8196
3625
3010
2002
3017
8870
4341
12207
17797
10702
5232
20771
9190
11185
13734
13474
961
18547
18446
17275
2130
4972
12953
8783
21972
574
6901
7516
10892
20537
11919
7863
8713
11302
12841
18401
15428
19895
12965
15378
776
15655
1466
1570
8326
4597
15205
13562
5708
19136
3485
528
12646
19722
8936
7360
18919
1914
5473
16212
10730
8154
16458
16364
8116
20718
17971
17087
21319
2365
18499
2460
21699
14976
14847
19035
4019
11726
22034
22583
1602
16815
12897
8126
14400
15055
14882
7864
20852
10160
22365
17472
14204
10363
9865
16206
2760
5529
3594
5459
2847
7014
19391
12939
16802
9369
22457
12084
7518
12736
21436
7055
6790
190
15248
10956
21796
18490
9058
4392
20930
988
3341
15487
19871
22517
3266
7705
7206
13473
12779
14094
6599
716
2076
9939
7468
14647
11881
21735
18330
1232
3947
17213
12392
21458
16563
18482
3534
20108
5913
9323
15896
7749
928
6368
7703
16236
22702
20884
16337
10478
6499
6788
17381
10390
4133
16998
14910
10424
22398
21548
3600
4565
8223
11483
22735
5511
2874
12696
4221
13202
9708
455
10178
4437
21864
17678
18104
21371
3158
6510
11021
21830
19107
11139
8365
12384
15622
14357
16895
7019
12994
10750
3412
1082
12563
801
8470
1308
9562
17693
19407
13563
21291
22330
4919
4656
9824
17252
15133
15004
17266
635
7773
13194
20297
19071
8898
13762
2746
7145
906
11982
17655
14124
2267
3123
20864
1494
18666
22443
14788
13974
22497
9490
21856
11952
8593
20686
9609
1399
6677
2570
5270
7317
17967
15734
5664
6269
9038
11215
16334
22164
11208
7934
2642
874
16159
6338
20660
14872
22033
3845
5939
7458
11168
7168
17519
15236
6586
9346
22754
15883
7490
22070
4818
7254
5863
3472
12541
7221
12110
6606
22010
11211
7025
10094
15417
20395
19496
21320
8430
15232
6730
20345
5602
5006
12907
8748
16239
7741
10999
21508
4125
20763
14831
13233
9656
17686
19775
16249
1868
21597
22459
13766
22245
10683
5924
7948
4030
17282
4235
4455
891
5327
6866
17979
628
3227
1611
20751
8801
828
22018
4062
18907
16467
17078
16752
21421
20917
12555
12041
17025
17887
20992
7980
15368
18934
7958
7937
1578
9492
4676
4855
19074
6221
20406
4629
11125
22301
11906
18317
976
9093
5654
19829
12360
1931
22494
8747
5017
334
2006
3674
8452
18590
13314
21739
8485
22357
17572
6062
10176
2637
3750
17437
11680
14693
11420
7925
2882
8198
10154
8548
17762
6629
3276
18463
7668
7309
12315
21909
15175
16068
6971
13548
15110
9844
8442
3771
11849
12699
533
22853
343
2339
22375
11322
15859
14142
16987
20962
4201
21949
12549
11882
17186
1413
10156
21950
17575
2445
19868
1989
256
15519
4581
12601
12618
19537
7776
10951
21947
2767
9882
19735
15435
4660
10648
7491
1503
10234
1927
2645
7298
4200
6488
299
5019
8101
15300
18975
2373
15122
17909
9412
8646
5183
15736
2016
531
10080
17962
8201
3143
12986
1507
11810
6023
10876
21982
19787
17094
12786
7530
9175
13967
15705
19671
2635
3034
19429
20944
20289
15375
22226
8105
21566
3109
6335
10615
7577
20039
2540
11987
852
7470
21512
13911
1215
8816
11069
3669
14560
3028
20464
2224
9273
3725
13183
9362
19210
18311
11831
4151
12818
14865
3126
13673
14932
1083
11258
21098
14057
3449
6726
10594
8125
22703
17429
2618
7683
18487
10843
3714
5862
17287
4996
12914
20565
11499
19563
17526
20434
11427
9720
18240
10388
17183
18324
11613
1016
3021
14820
18181
20246
21297
11399
10924
8089
19208
1368
12348
5813
2704
10354
19532
294
237
13566
18072
2516
3411
20888
16883
9569
1638
13711
9937
7927
22367
19475
8055
6614
1485
6645
18197
6996
10257
2779
13483
18992
11304
18377
17399
9936
19543
7682
9729
9770
13493
17793
18631
21169
12758
15780
7082
13525
1484
8754
17546
18899
14037
11493
10776
4510
16142
11609
1652
3035
19576
7521
18474
9735
6542
17505
20979
19561
19654
10009
14596
11372
19553
20653
4774
15237
5744
11009
13875
10668
21048
21249
7786
18018
22345
20228
6532
8165
6142
1907
17273
7884
20104
5978
3214
14340
11707
18195
4088
9154
13091
3980
17642
12886
21464
20585
9125
8497
2101
5034
1814
5616
2454
5684
1836
12503
11176
22256
16325
11945
3245
3025
19474
15091
12821
21448
3153
820
4815
13264
3030
10397
7139
1121
18506
14322
17500
7357
6561
10367
20598
4519
20725
14786
12037
5965
2059
3596
1092
2004
15193
12336
3217
5524
13003
8634
2119
20199
4704
11684
11565
18579
1910
11620
8840
7219
10822
14069
17122
13235
12655
12590
3461
10155
9233
10118
16275
18159
13336
2030
2869
6544
12016
14720
8974
20149
19766
13053
5780
753
17559
2089
8668
8710
12267
20871
10939
5091
7847
16368
14915
1504
4240
7699
6792
21322
7115
9746
18382
7513
11229
22630
21279
13362
17556
21064
22066
2953
14476
4612
17465
21006
18041
2551
958
19699
18546
12667
16786
22372
11663
21555
8175
18804
6748
1391
14154
3959
3055
14946
15434
21335
11413
12269
13157
14530
20841
12346
10211
7890
17222
13269
12222
22360
15653
18094
7337
482
20648
14232
19362
6545
21684
3909
12969
19423
10644
19856
7936
13828
11813
18944
18523
399
15689
2217
12493
13344
22787
22143
16867
11512
11401
2647
14554
11789
10124
21332
2338
7198
22872
5051
18438
7918
176
17464
2444
9131
3457
6475
17236
7606
13817
18431
19616
3865
19263
16010
16265
3342
5702
9550
15837
12461
712
4639
15310
5747
11497
18457
10273
19062
19673
6710
15599
10429
18496
10767
18817
17972
17115
21626
21648
112
20076
950
8274
13549
12911
5900
7404
1906
2998
18332
1753
13226
8313
17809
10853
10631
14380
4111
16722
13086
22543
3271
3145
21680
5143
15177
5068
9755
20354
10657
7586
2380
18248
19328
17259
8624
18315
11249
5568
14570
1160
19659
2536
13723
20699
10459
21090
18875
5120
42
7227
8832
16760
4828
7467
18274
8968
1969
22667
15371
19975
21693
11871
16437
20842
13403
19988
5214
19844
4284
19725
22722
2985
12169
19086
2175
22368
7862
17342
17366
20023
3496
11290
1269
4298
12606
8033
1949
4377
21215
8812
16278
1879
5859
17220
22421
4171
22637
20982
2473
2873
2389
11944
1747
19260
15862
17919
22322
10260
20562
10781
3393
3766
702
3735
13352
16772
10792
6670
14298
22150
16403
16310
1789
12639
16869
20360
19792
12353
19307
18691
12943
5056
2153
7908
7706
14792
20310
2405
16479
17565
20364
20128
6693
19889
10235
1454
20809
16382
15833
1982
2938
11428
19930
21784
10320
3581
18132
1824
7281
17133
19943
10573
38
7286
1897
3267
5011
5595
7796
20846
10609
20543
8664
7613
4837
1254
12893
19857
11563
9413
7144
8630
1775
10312
19757
16127
9459
21321
9130
5254
22850
2988
11626
17065
8078
18030
3432
15822
18044
5847
22642
157
17328
7268
14914
12710
9035
5508
16135
1393
1386
13109
5634
22535
3932
11006
4626
3156
6907
18255
15291
11217
12107
1272
1226
15955
3424
18477
11948
497
14549
16443
10474
665
9933
1646
18846
20865
15020
19754
8332
16909
18316
18532
17938
16185
3206
15271
12720
3598
3975
14888
1955
21311
9914
2865
8545
9813
12375
13111
2973
7352
16338
7028
1388
11172
7265
12112
11665
3700
17893
5613
9573
6734
6547
9526
3701
7610
22133
1085
1683
18997
18950
18228
17842
22270
5164
7180
19324
9604
3740
16826
16905
7112
22131
4106
17432
6227
13804
5577
7667
17998
8831
3099
19509
13775
16797
14740
22894
8660
4752
12728
14540
126
10256
12554
20135
5632
9645
5381
20551
6403
18652
1332
13472
4878
1218
17170
19502
21666
2362
18384
13442
9432
9405
21229
2327
11199
9601
5588
4219
7708
1304
16884
6454
7587
13046
10570
5967
20794
8725
9634
22280
6922
3520
826
13575
4954
15999
12782
7968
313
11715
17033
1595
20885
4058
13761
21978
2048
15548
11051
3380
14515
21620
2627
15586
8228
2867
2686
8924
5944
19727
11784
8426
8445
8158
14344
20078
3037
1852
14939
21158
4457
7175
13693
8167
15971
17983
17257
21790
16572
18439
5337
21075
11827
9874
11967
13808
10718
5436
12295
7511
11285
14251
206
5082
4009
12332
19467
9736
22044
17458
15448
14525
21536
12724
17951
15746
1260
3619
7381
2799
4993
15694
14354
19717
18956
13590
19315
10743
22458
8087
15444
6878
20675
1189
11593
11547
21905
22328
20596
21596
1735
18326
19286
22418
14497
20650
6876
7330
6727
19398
21866
9505
19716
1403
15476
4224
19162
17816
21052
4778
13135
16556
12250
8379
16695
18920
17141
16393
15220
9212
10423
1669
8327
8238
2123
19119
14557
13685
12008
6908
16449
13114
21967
15470
11212
5607
3993
2440
15685
2529
1094
11360
1552
8047
14197
22707
9283
12640
12338
6414
21405
2602
20260
3919
5150
20237
18668
5373
17160
18145
11705
14732
19922
5871
20828
13803
12140
20875
10035
10927
5687
22867
17790
7624
6717
7912
15722
1678
1529
21861
9861
2194
7398
8663
10995
18390
2915
22746
20344
6413
10896
14338
15880
17564
7088
17081
940
13480
5822
11821
18761
13360
18220
7077
19015
12331
12075
20939
8434
22719
5609
474
13440
12926
17187
5098
11284
20089
19808
13376
4525
1692
12607
12885
19108
15814
16992
1319
22152
4003
5470
4433
20443
4742
18895
3523
1892
22426
20120
57
16471
3364
20758
13976
1501
70
2557
22430
9026
5124
4900
11736
910
13358
18559
917
16994
465
7733
14558
16464
22698
21307
19235
5203
5926
19493
17554
10580
4091
3154
5086
15092
16875
12543
2816
12023
17428
16108
614
8945
11082
21959
17294
2197
12302
13321
21502
15693
11018
1812
268
13008
14629
3557
15073
18473
4488
1443
1453
71
22575
8890
10017
12102
3536
11846
6954
17516
518
15028
13099
22195
7739
3689
17901
15285
2407
526
16871
16302
18534
8733
864
9197
15211
6355
16990
20033
3812
3196
12124
15189
5834
844
13887
5804
1875
3294
14078
21930
6939
12682
6795
3584
10988
3200
1743
17926
4588
8064
5685
10271
19322
2385
1667
8373
191
15072
50
15958
20933
13363
22549
11418
22841
13970
21894
19261
6261
3258
1233
7119
7123
8249
17104
4320
16290
4659
22710
3183
12035
7395
21259
22362
10664
10973
20
6315
1442
11015
1597
11627
10734
19427
5650
16230
17871
18524
17107
20222
509
16607
5845
17578
12491
3050
15913
20431
15173
7325
5963
11503
1615
13301
20080
18175
11582
8540
15537
1656
8649
942
304
16534
2648
16986
2717
7089
2932
16450
19109
8022
14644
21147
14928
17948
8826
17872
20893
15294
8925
265
18099
15715
491
9555
4627
5303
2083
1299
11838
9905
8325
16848
22029
15838
3350
19687
18451
21922
18660
14189
5178
3884
3784
21333
3680
22414
15954
20825
6301
5875
21261
4951
12237
8343
22210
2064
16330
13133
608
7156
16628
10435
11956
20470
14819
8805
12034
2829
8345
7076
12476
6735
6524
6843
14268
14018
3451
9126
20047
12190
13510
14520
9549
12320
19222
6986
13753
20450
17868
20003
4542
15742
5271
19421
1256
1024
20471
1567
8102
6027
11495
10468
245
21145
8015
22266
1309
22757
8436
21450
10714
6850
15589
20380
15747
22499
4839
13890
20572
14673
7471
9981
6851
11720
22123
3538
2560
7567
7266
4185
12196
14646
20887
8693
11224
22533
20193
9281
7291
7006
19658
5746
17067
7559
16360
20579
16578
10268
17384
12759
3964
2247
16963
11559
6839
22078
7091
15830
21779
5998
19199
9063
3545
10532
6873
7276
20264
17035
9804
11468
17896
15770
12819
5644
15219
19662
7374
11263
3118
13940
21094
15723
4241
3802
7700
1961
15576
890
12978
22615
11748
13229
1292
3558
9560
9597
8377
20298
1120
18221
7770
2311
4428
20832
12477
10349
9104
19942
15174
1788
15432
1147
19460
19106
15322
5533
17985
20796
10056
16065
16827
11088
2150
15726
4101
3167
18040
7945
14490
1761
19791
4275
8469
10695
13201
10229
13520
16916
8450
16019
14970
10444
15831
3344
1098
959
7759
2740
7125
2858
1201
22057
13168
17551
17123
3872
10190
18611
20625
1899
8996
2994
21149
18703
14577
15438
2152
5563
18675
9538
22403
5582
12159
17837
12066
22881
14771
19846
9254
9041
8584
7803
4601
14432
13074
2015
14516
7120
2934
17537
5003
11478
9287
11894
16396
12847
3667
10339
7946
20814
14054
1744
4726
8070
9800
10834
1856
805
16985
22235
7576
7751
13978
8479
6491
13036
8542
16697
12228
18809
2788
21337
20902
16824
15269
18245
12852
2034
2250
17046
17965
17246
6639
8353
3032
7712
16303
10425
22069
21783
22192
6
7950
9241
7159
11545
4772
6713
3157
12373
17451
10689
17136
15377
6649
12800
8981
3310
9579
6390
12163
15033
19667
9179
5043
1402
18625
22337
19498
19181
14214
11509
15412
2630
10923
9023
19259
5350
4097
18077
11753
17891
16063
16524
11507
8074
2875
19029
18791
20592
17751
15740
4249
1701
7563
15278
4654
10893
18201
5496
581
2916
22817
9596
2595
11883
18288
18885
22576
19896
10293
20742
9904
1654
19809
13405
20695
10711
16911
3002
2643
7768
12505
9430
21133
20879
8392
1202
1750
9462
2677
7855
11610
2744
8309
16081
14617
8171
15789
532
6808
8914
20248
14348
14459
9118
15938
12694
11960
10103
19438
5807
13743
12536
16523
22884
14898
4915
19065
18862
12793
3831
16941
13710
16891
10976
6132
20532
13703
8356
18135
20195
14592
14651
10231
10066
13175
8429
5825
8160
22627
2426
14870
22049
18939
6862
296
2292
14401
7065
12726
6478
12297
3016
3163
20062
13079
1177
15423
17976
19472
1297
15797
729
785
19375
332
13034
5260
15967
8847
18629
11023
9164
22395
1796
13293
13452
1478
2171
15841
19114
12182
9907
21912
6684
13896
22315
10420
4556
22186
9128
1558
5424
21981
138
22547
253
9772
8234
155
15260
13265
15215
4809
10568
21195
14305
12829
1236
8097
20678
4880
18698
16619
5060
17699
2408
2519
20612
19278
22588
17748
7043
21021
4220
13655
21766
17330
8863
20386
3180
1038
11184
3353
16237
21618
13124
11078
3299
7852
12310
204
16651
18657
2730
10784
5252
21146
13950
13658
3226
12494
5968
9134
13885
3458
17773
15963
17155
13464
4156
18928
1216
9206
7117
2944
20145
2999
22063
7386
15484
5460
670
8016
22862
9408
4157
2819
13604
13564
1282
20991
2729
5
16295
9945
18513
16996
5843
5915
22251
3408
3747
5180
22198
7711
3074
9310
21558
11033
12997
3857
6757
19600
17147
8965
2524
12901
17621
22861
17281
417
7631
18596
12265
16861
22393
633
13439
1866
2066
14028
6030
1101
6560
12065
18816
11090
13998
10207
2554
14330
18957
4290
12635
20967
13140
2417
9071
9486
4482
16616
20505
14951
6597
14684
6464
17010
10326
18356
762
5413
5480
16433
13901
17651
963
12300
19166
11374
11969
12025
9165
6476
8090
22636
12399
12611
2213
5793
3159
284
9437
14035
13880
8635
8992
7585
9447
8288
4261
4540
13420
20139
9016
5586
5883
11732
21473
2406
6471
4503
13181
10304
18872
597
671
14448
18010
4350
1312
9948
1102
9792
17309
7960
19818
15550
18459
21348
14604
22803
21936
6821
20792
7285
10374
17647
17950
22108
534
6530
12220
8772
17947
4784
3369
10025
15390
5018
6610
15595
4353
398
14716
1682
13700
11734
17447
1908
87
985
21365
5769
2142
14718
12687
15233
6976
8227
15678
13580
22351
19894
10528
2364
17745
3430
21194
10243
3839
8432
16179
21688
3755
13618
14849
15633
4087
5946
22656
21695
14832
12156
1225
9532
9875
5964
3648
20908
18465
9011
21134
7391
19663
5606
1530
20220
12703
4848
17470
22248
3172
12450
21822
21232
14457
14068
569
9306
19276
15292
15399
83
18286
13933
7312
7188
10864
692
18426
10157
8174
8879
5029
13975
9714
21434
7414
1702
2203
22050
4834
22058
5201
3607
373
5141
3306
6888
14455
17363
14188
11683
6284
8758
3129
10584
19927
2977
8273
22782
4908
4470
3622
13546
5772
15947
2530
7453
21188
18444
6637
12867
13351
4430
5525
12243
16794
15178
18936
911
9443
9901
21301
1220
18021
144
7189
21872
3931
6546
396
12266
20687
7805
3124
18415
3067
22510
4943
13161
5057
16111
16864
10126
8731
19869
10795
2860
6449
18373
1170
9710
11107
7127
14778
5216
10329
21440
20631
9743
8491
8920
16765
8537
17372
7051
8405
14287
19690
1072
22709
19689
14546
2242
22684
17713
22309
1414
20221
8169
20901
1109
18760
9419
5636
15161
17989
2215
2849
20651
6399
8466
19005
14615
10481
125
21719
18213
3287
22904
90
20361
12625
18640
9751
19924
14524
20197
19552
17171
6434
19524
887
4424
4720
4159
19240
16630
20559
7294
6548
4822
10369
2689
1346
10356
10569
7893
11103
8017
9701
576
19317
12622
10865
2208
8631
13719
12321
22475
14021
10998
5320
13214
14320
16051
20655
20738
11714
9057
7904
4697
14002
16841
14220
16493
15787
20436
347
10818
7111
14903
9029
11180
4380
12457
14377
1423
10197
9060
17064
5771
6553
281
9235
10105
14405
22824
4004
5906
14725
17888
7850
16294
14238
15680
19220
17117
3088
3694
12972
14201
5761
7333
16932
3933
17631
13327
20288
12000
8372
955
22650
19879
15876
13557
893
20106
14203
12967
10938
19601
18570
22163
5004
17167
17826
12812
19207
14654
20858
2694
4258
14178
983
10676
10431
16545
7620
9145
3177
13665
14185
11422
21973
2588
15336
21080
4995
13014
960
19249
13187
936
21938
15112
20054
9229
15102
2189
2484
9199
9963
6303
19401
22812
1760
20639
4787
14825
17154
16180
17630
14
170
18902
13110
1772
13225
2324
6095
18624
7062
8918
6977
6195
17864
4628
21974
6533
15039
4756
12401
20031
5354
19508
18604
3453
16399
12482
22335
11292
21077
21955
10620
12062
17448
8195
20691
11299
11631
19096
13945
18780
19221
4578
11067
378
20024
12950
10596
17668
360
678
2908
9890
4104
22737
3997
4634
8139
7645
18217
7314
21896
4038
17109
14151
15478
22438
3476
22035
2082
16245
19227
3678
7532
15512
15530
20951
1662
5852
15944
19148
418
9856
12116
10933
19737
21760
14535
1008
20778
17307
6953
16191
2483
19599
1688
4764
1277
3727
18692
9238
13382
13925
22688
10182
16146
6092
12219
20621
20321
20591
15025
16729
11441
1922
20463
20356
13798
6279
12170
15807
12122
18301
14384
20408
4543
18743
931
1390
403
9870
5571
20920
12095
21054
19734
20610
19878
17590
15279
1265
849
9086
22390
9881
10957
9613
13989
11879
17974
3889
12021
8018
18113
14252
17897
16049
2046
3060
10815
6968
16145
14194
11046
8275
14663
16851
674
982
19409
8255
3682
22194
15159
6725
9107
18098
17261
7341
19297
19188
10209
9508
12157
724
17495
9451
9803
2983
20244
21619
11790
14794
13375
5889
13962
16073
8490
2898
7654
7611
19503
22130
21465
13550
16762
5269
15552
15268
17808
13454
8113
4681
7707
11149
17062
7289
18378
21324
17792
19323
16859
19150
16398
11539
1376
6116
15568
7694
8132
8853
19903
7202
14171
4385
20182
15842
18763
18818
5134
8792
16408
16833
14680
13811
15931
9403
13678
6485
500
7250
22006
1869
9070
9721
18289
1240
8140
637
15195
18626
5827
8298
18480
1980
13284
2981
17
3497
39
5467
17459
17108
15990
14463
5552
9202
17209
13143
6916
9301
14430
15376
5566
18361
10372
17536
16492
9659
192
3660
7122
17411
21903
1577
22559
21722
11081
9133
6410
21352
20267
20440
4441
13455
21343
3378
172
5406
22831
21920
22664
7297
4117
9115
20317
21998
5633
7105
13343
10685
19174
2075
20030
6361
15116
5720
8486
1067
21265
5049
19442
4901
20432
10074
21258
297
3978
17876
3052
22539
14168
6347
5757
85
13337
5510
9177
1766
2513
7639
13289
10758
16950
19914
15762
5163
22348
7460
9959
10360
21884
12255
9467
4169
6345
19752
10075
17601
4751
18594
6923
18241
9556
18218
7693
5969
3693
5498
1941
13215
4196
341
13073
21529
15654
9498
19828
22431
19875
2334
21420
487
11920
17753
173
12547
9390
16254
4647
22420
9764
19762
17517
3285
5486
1122
22874
18214
4734
17759
19400
13491
338
8851
11377
9777
16370
20722
10978
3026
6148
15900
17005
3
11135
10470
7287
18126
12809
3325
22674
20545
11936
14248
13813
5149
19097
3345
18955
12925
2804
918
21767
15330
6517
19397
1073
16451
20861
17662
6342
21627
2168
1573
19192
9785
6767
20727
2379
18738
3728
17248
4541
14824
21128
13447
21097
15231
9658
5385
970
18230
7826
6138
14623
5397
5598
5326
21449
2070
12996
1516
15097
12314
20018
5230
14403
18811
8815
20100
12185
19880
21547
1108
9889
8599
8155
19156
6595
17196
10889
16489
1285
15827
11583
18909
16940
18497
14656
18829
2954
18343
5205
1556
3587
5095
1665
22254
18894
19625
14642
20053
4020
1857
3305
16725
10003
9848
21725
22182
4967
11877
15275
6396
2372
13341
17707
9693
6972
8056
10591
20334
8514
16064
4294
17024
16466
2563
8576
5505
7097
16344
12856
16216
15344
8159
13324
13676
12899
3013
1417
13844
7892
20311
18510
16764
5530
8764
3201
225
21710
12027
13448
11008
10684
4544
2369
17069
14563
3295
13415
9854
18076
427
15021
12928
20821
934
2308
7923
16847
4906
4432
5263
18151
14001
7891
22445
20124
18199
8539
788
18398
15616
18914
21750
8376
20770
21928
12919
11206
11702
7149
8202
205
0
14751
18250
21339
15018
15756
5301
4624
15567
6958
18605
19698
9771
5893
9150
11016
9614
4209
12413
1782
10723
1203
5681
898
3612
18259
3730
22623
10341
11647
12026
7858
7844
5013
9078
18437
7348
7306
552
6112
4699
1964
9972
16580
3803
238
5112
5565
13004
9670
4703
352
6700
22821
522
20801
18712
7335
1928
12407
15129
22771
9543
19772
3744
16720
21642
10601
10721
21083
6175
19138
2995
4291
22325
12530
18702
7247
18310
7537
67
9811
22759
15132
13709
16319
18224
11309
20086
2940
14762
1463
12995
9309
1855
6759
18541
6167
19708
1842
21837
5482
14346
2872
18314
5717
12460
5194
14559
15671
10662
8825
11426
12305
17071
9429
4727
13607
9519
10084
16262
20782
12982
12288
4381
1123
5341
6042
582
4813
15536
13598
14311
2646
1252
10336
12409
118
3043
7939
4620
14801
2587
11643
11841
21907
3683
14228
4799
226
3083
5600
7044
2520
4600
14233
8137
5628
10137
20892
19003
6104
18469
14634
16252
514
12018
6505
2335
6575
2000
6115
3754
22773
11066
3355
1590
2914
4094
13273
16933
2305
6755
10414
17097
21852
1706
22618
22238
19653
21375
20484
10181
2263
3916
9966
17032
17212
11269
247
8707
14757
3763
1777
6150
17675
15362
16000
17840
6837
11110
3478
3071
4895
4164
12671
180
7435
16006
22249
7133
18699
8994
8410
22901
7824
14674
990
6268
21874
6571
11017
4567
4121
20606
2013
13064
10872
21882
20211
10719
8637
13578
18690
17296
580
15353
22553
9607
13132
10920
6202
10982
4345
8385
12616
11968
22347
5368
19593
15379
15108
11869
14486
13223
7350
13942
13467
12077
16417
13162
1738
12128
17018
21394
377
20784
4484
5578
2
6618
4103
16326
1883
11213
13894
17904
4596
15473
16594
20070
4398
13642
12078
11084
7486
15249
10193
10996
20768
18716
8401
7069
20365
10966
15732
6407
8224
14162
14813
18765
18210
4304
15953
4278
684
19957
5160
7461
9256
11158
1364
22259
14866
9074
12115
17347
655
14580
1139
16631
19352
8168
19044
22233
5102
7179
6959
4329
16336
19916
2278
15522
8418
2707
22828
19308
16838
5396
10574
4678
15446
17373
9962
20400
17319
19993
17958
21373
15765
4803
17151
473
2314
15670
15482
3304
22424
7239
1643
4002
16936
15786
15395
18193
6293
17653
18619
3039
9917
21937
14017
16929
16317
993
9248
14478
10687
22768
6970
4651
2166
4927
20731
16274
19776
10467
20189
6559
17766
6171
20641
16178
22524
7430
2081
8062
9129
19449
18877
621
5840
8975
21591
13192
5395
7622
7917
15728
5614
2879
3279
10508
13689
20209
15104
14600
6367
13851
18672
8340
15311
12617
5362
22305
2776
12513
14009
11074
3427
10412
2550
5083
5197
1564
1971
3879
13935
309
408
18860
13611
21201
18588
8734
16328
915
14892
20285
16671
7679
6174
14024
17710
17820
20799
13460
1209
12954
2675
22762
16227
7259
1689
19559
12923
2053
18607
7354
13994
140
2475
19817
6322
5848
5865
10318
17925
12117
21285
12874
12613
9575
3009
14648
16879
3697
15652
17882
19697
22376
21788
10427
20615
3761
12971
14584
12088
8894
14030
20518
10454
15166
14255
8654
20487
9578
17552
18196
364
6897
11130
10512
20818
20666
12394
14507
5706
9799
12789
11599
12290
3164
18954
11887
16354
15699
9092
14101
114
300
13568
1030
19093
11342
14425
9085
3205
16807
15948
12039
21924
16434
16689
9631
255
12042
11115
22577
20419
15868
2926
7324
464
10332
15887
16461
6657
2547
19403
3210
16643
10759
4070
728
20389
14224
2708
7384
8495
8421
15580
16502
3178
5193
10307
16152
17931
899
8009
8971
17771
10875
10737
5207
13504
1685
15089
16126
12879
9535
6254
1596
11890
2301
16247
11600
19092
4546
749
18998
20878
9513
16742
11254
5266
7832
18655
1930
6573
10856
22635
11870
12138
13307
21314
10302
12010
9551
15806
18143
11320
6061
1042
18403
17838
4053
21818
3597
19560
15013
16113
7940
21842
14945
5055
4046
5045
3212
14183
13365
9595
19232
10106
14666
13789
17393
2579
16140
6672
17984
460
1214
1974
9992
15533
2754
18921
21025
2458
12591
9574
21525
273
18913
1051
18036
20838
18999
16311
15396
1432
10189
16129
17851
3447
18336
6277
17528
2599
3437
3443
18977
839
5555
10813
10886
15702
10703
5716
7345
11480
17298
18237
10022
1498
7376
2442
2789
5712
451
21256
18080
21809
17599
21386
2131
2367
659
21523
10712
46
6643
14275
13916
10117
16508
19530
15817
2768
17593
1161
8104
4753
6163
19770
16736
17718
6071
17995
15650
5977
13311
11364
12038
14077
5872
1475
11824
12389
16041
8031
9189
9688
21759
17923
20314
7808
17457
4985
18152
3440
15637
16657
8877
9517
10044
3555
18456
17425
14924
11597
8626
20847
20734
1118
5537
19281
19587
850
16920
7237
10638
17525
3379
18476
10844
12260
20012
10409
15273
21163
6129
682
7969
2886
56
11898
2821
20867
537
6920
20280
16548
16814
17182
16644
6881
4687
6444
8912
10572
19412
5570
6556
20866
13373
22529
19665
17588
938
3097
10482
20269
4899
22175
1079
10608
9388
14512
8290
9460
17618
13597
9017
6024
13213
17978
20919
21418
8045
2199
6291
14885
20712
21131
4814
6064
7135
18695
18801
19848
5189
9221
22354
3885
15087
13984
5667
13353
5138
2423
18647
8387
5986
21062
584
19544
8970
1456
6340
4549
6469
21723
11938
22594
8751
9186
1874
13023
18991
22316
6596
12974
7101
7196
14864
7757
13320
10319
3046
5379
16123
4180
17844
2490
14229
16890
14990
11839
16196
19213
18427
9880
4174
18037
11554
5711
20236
7356
19946
15064
5210
7421
11357
6536
11234
21669
4265
14382
4363
11640
6362
11526
1089
20206
19393
4497
5573
6829
354
11573
2701
6525
1849
21150
16680
8849
10661
14071
21835
14063
6691
3425
9934
17774
12533
15426
6294
10171
12123
8188
1318
2499
7030
11709
20081
7974
17540
18488
16215
558
1950
9697
20746
7249
9930
14295
5404
18353
2964
19355
10134
6497
15238
462
485
298
19066
5877
1370
18202
16268
4448
17242
9356
8938
9908
21965
6461
16626
17241
5629
14852
4000
9491
19337
996
4283
21892
14049
773
5359
18045
16211
14012
15821
2479
18566
9957
11014
17902
115
12284
10731
1158
19422
15820
16117
6483
4576
17841
3414
20899
7258
13858
13770
1033
14296
18026
16938
11238
5798
14301
14350
13966
2640
12711
885
15126
3774
21293
12415
4105
22327
11621
19320
10974
12416
4841
10820
4086
14417
20025
21103
11981
7701
7545
1063
1793
1546
2580
1286
3779
921
22165
19231
21945
2835
20176
11618
12094
5713
15754
22080
18097
12152
6642
2159
1055
22012
2382
15372
16395
18492
8786
1326
2187
17383
951
2097
8600
12757
6632
19986
14465
5062
573
3007
14531
11233
7882
2477
1052
16828
5755
6864
20965
19081
14855
15499
12679
17959
2115
14262
7943
2167
7769
15095
9796
20914
1594
4445
9450
11649
20577
16407
13756
3005
10346
22425
5474
2723
13682
11785
12988
20107
14950
277
8394
21331
11659
17237
12649
11681
22605
1531
2920
1598
16404
20538
9472
15389
13841
4735
2636
21472
8185
18995
19013
2902
14442
18342
8492
1421
11799
6412
9853
6168
3551
17741
8883
5316
229
8592
20522
15784
8785
18905
3937
5352
1551
10845
4324
10371
10098
10210
14249
5973
10254
18753
17964
14392
21413
21815
9553
17292
5126
5699
13888
15286
3510
3848
9243
6796
19769
12050
1642
17422
20840
21771
4499
9327
12020
17690
20252
21045
21315
4645
17301
15673
21923
818
9589
7052
21919
2936
16491
21257
14526
19084
15062
9049
17701
1690
13277
7842
21817
12595
22548
16647
19578
9223
15894
3955
3661
15584
3130
18646
4529
13695
11435
4287
14510
19800
18773
20516
22877
8303
4132
1704
2264
7905
17251
6625
10248
9725
1653
4589
22140
14711
790
18008
6025
20141
800
22774
7502
2745
15359
6906
15853
855
8875
6890
16040
3954
9898
21046
14972
15066
20547
13516
19321
15640
12531
1666
10152
6422
10121
18162
22262
4494
4362
13224
3386
10871
22446
13227
5491
939
7941
4460
4358
20923
20150
16696
12898
4126
2331
6824
2378
6493
16699
20788
17852
19674
21550
3270
20728
14328
9922
109
12935
14353
4561
14503
11743
6012
1729
17317
8948
14527
5182
16016
6247
6231
19275
6404
19964
12444
22634
19349
13138
14692
8038
5090
14319
7635
18075
10089
5574
21018
14761
1942
8546
11519
9025
5610
11844
4892
6264
21084
4574
7134
13426
6098
15915
1278
5622
8809
8214
7775
412
3658
10047
12293
5109
17735
883
19867
5513
19535
2062
2543
19440
6239
11095
12055
10092
13523
22344
289
1350
11455
17524
16912
4591
1860
22294
17697
12605
1166
10261
19433
21292
18933
4530
5882
13748
8396
13466
16021
4014
9749
175
12296
16946
19186
19555
15287
3329
12608
16702
5842
20105
12342
13662
1757
9699
5175
19462
20152
3385
22507
11966
21425
7459
4580
18735
6371
979
2265
16894
2363
18996
10208
2633
22794
6861
14481
7809
4527
14655
2443
5215
10418
18339
905
16539
18233
20194
2290
21105
22570
11000
210
10504
5304
17443
21969
20232
12104
15577
11711
1804
20921
14643
1970
14653
10755
4846
4548
7310
3508
3059
13446
17223
16641
4948
19176
16981
20242
4246
3967
19444
14119
14576
19518
12344
15994
9653
19677
21469
7094
21640
22321
16898
2521
7394
2390
1163
5365
8636
13234
22772
10863
14817
17306
5273
3637
18554
16768
13879
10451
6480
5497
987
15593
11038
13606
1786
8411
12390
8114
18404
16453
10357
7527
189
9976
14426
15869
8682
20358
8876
11124
12589
18178
16610
2485
3166
16154
1976
4472
7075
7434
18518
3421
10633
8841
13843
13306
17227
2009
3103
17504
18137
12431
20131
13848
16601
21761
14316
6316
14841
13680
16971
7141
16670
8414
4795
7880
14294
17639
10217
3080
10013
440
13012
13722
10780
10789
12776
22173
11718
20278
17571
18870
5656
10104
2433
17906
17368
4717
21127
21165
1138
7231
22274
17492
19501
3664
1718
13920
4792
1294
4015
21953
7999
2409
16535
19201
17346
12962
3698
13419
8246
1672
916
14374
18729
18495
3777
16459
15539
13781
14271
14727
2001
5714
19234
10554
1617
17721
19073
1841
10513
16349
8043
11013
10295
20507
11030
10753
5929
2315
7633
271
11039
11695
5324
8239
16997
1923
20475
9627
15282
12748
17658
7854
20196
13070
9558
13292
1349
15895
11282
2949
3149
19781
17795
12846
13648
6120
22037
2493
19070
5398
21212
7873
21081
19341
2024
4849
17670
4761
7400
9155
20513
14388
2350
17550
22219
14611
3381
16945
15579
21721
16002
7245
4713
17728
1135
12751
1222
2896
4050
11173
15217
4859
12678
17595
8100
18891
10323
6187
12029
5907
2613
11265
5686
4153
7894
14695
3431
7755
10265
12200
10138
5890
16743
22552
17480
20707
12773
21868
15966
977
1022
21468
16557
13963
16741
1664
14890
18015
16982
6105
18146
20843
9343
4361
22342
10366
11293
10485
12650
3743
4555
2888
11169
4093
13030
2526
3718
19911
421
6885
10895
20407
18305
21135
3320
15998
1850
13860
20326
20853
15094
4376
1865
18020
5401
18550
11288
19684
5927
7619
1149
19908
9805
3565
18771
14960
5367
20067
8335
7140
5547
15114
13028
17263
13207
18078
1813
12636
10797
17543
22191
13060
2102
3066
14980
18937
8147
6777
13986
14709
9980
15943
5657
9076
658
19710
20903
12352
6299
7962
10298
9499
244
6909
8471
12022
13339
14385
10696
10448
11523
520
18898
2275
16214
15558
1959
18028
12445
16103
11694
7410
12860
9013
22004
18549
587
20375
22447
14699
5030
22606
14664
15666
19223
20075
13533
683
1973
6660
22743
2431
6487
16324
10115
3800
16350
4344
703
16182
21442
18678
15006
17512
8582
10699
20207
8818
9590
6902
1712
15812
21419
5970
13355
1115
15045
18578
7801
5647
10763
5071
12756
18786
2522
12964
5369
14045
6982
12989
15503
12719
2836
12872
15026
11678
2486
15447
2412
17573
10932
8601
22869
5275
3554
10539
8862
12980
5342
14842
18038
12532
22798
14047
202
18035
2413
16402
21997
10120
29
8827
8609
17680
374
2151
15625
22713
4127
20586
21961
17782
2510
16621
9642
5191
16070
16480
10597
18777
21461
17839
17142
4234
13977
5592
23
17021
11555
4728
16167
21161
7351
3006
20282
2661
9827
22129
10847
17681
16170
11772
3348
22216
12085
10083
8138
9285
20520
22617
7933
22002
19189
21276
9640
4779
7549
8136
4372
16485
22415
18922
1584
16421
8735
10195
21193
3446
18841
14161
12878
2399
9068
13095
16609
1153
19224
4665
1151
8322
22159
5695
4864
224
2146
2850
19385
234
11691
7466
15326
11579
36
14419
15532
6764
16011
16659
20191
11225
10846
21475
21995
9932
18644
13197
5894
10043
6765
16377
5119
5506
17225
8299
1999
5443
15761
8655
8247
14742
8650
12940
17205
20254
6314
6327
13971
16658
5391
5658
9324
6162
20629
15613
21410
15590
22587
11155
11876
12438
7827
13283
15483
21056
7795
20157
22761
16347
6841
17430
2735
12371
20916
12680
5133
14122
2376
8885
2018
19607
311
1315
17506
17336
2356
18527
1041
76
17200
13042
14671
9319
8577
3170
20839
4140
18074
20002
3887
4277
20467
21504
6207
20153
10874
7680
17768
16234
21406
4512
21791
19700
14911
1331
1605
15553
5569
11196
2662
15060
1186
6419
5707
18105
16150
5901
8602
20498
9340
6616
20541
11348
17761
7367
12470
3207
16611
15003
8146
6780
11492
16698
1867
20082
12981
8111
17031
13772
12398
16266
12458
15144
13369
2498
9916
1734
7662
5983
11204
6411
13098
551
7439
429
10285
14315
10840
10680
22542
11438
19978
5468
6145
8716
3121
20998
12709
19303
6468
10824
22221
14833
4677
14091
4598
12708
4767
20618
1355
4208
18017
7081
9094
19623
10971
12948
20029
3752
3927
20093
20055
1749
10059
2843
594
15976
4256
1361
8873
10965
15656
12004
11313
15155
3398
13041
14173
12325
11434
6210
11223
1382
10471
18344
7965
21918
2375
9968
2099
17356
12333
22659
15202
2299
11657
2731
11128
21733
11400
12669
1117
19415
1592
2041
8149
568
11159
5256
19351
8896
21139
18710
19713
19860
22410
21441
20019
8189
15030
21853
14117
22188
16120
22276
21942
21501
17617
9711
20488
13884
17667
2546
5923
14909
1014
14362
20204
14190
19897
20304
18156
1455
5509
18517
3519
16125
18423
15664
18876
11154
2511
21493
9780
12529
17249
1255
22019
20036
13739
7151
15040
17727
9034
13290
19430
18893
16531
14137
18125
5059
18232
802
9311
6814
21490
8261
8984
21741
18713
8362
3583
7186
1527
7329
11710
4426
18092
783
13390
15327
8331
15932
14581
13013
1806
14749
11496
17847
12512
8927
13672
12865
21026
8808
21364
15387
3896
4407
2885
10549
11113
5121
2106
9360
17542
4113
17555
22714
17778
11142
5857
7199
15759
11986
8597
6849
15185
8607
15824
19007
270
16394
17471
13179
3758
19965
12826
12292
12760
11316
11625
1411
10027
21549
8552
8929
13558
13380
5281
20719
16943
4738
5576
18597
6408
10936
3395
3482
16968
12743
10263
2825
9769
12689
20533
20336
10859
16276
13555
12564
9682
7305
12651
8007
4119
15172
6626
3525
12571
16431
14065
246
12093
2812
1197
14846
21034
16829
11087
10221
10645
13519
19128
4150
16966
3106
9082
21424
20849
18133
6914
19676
19797
22801
7215
22206
18696
18764
21637
10224
18865
12993
19238
15547
5261
11412
3724
17286
13068
6375
20802
10756
13787
16906
6038
13589
3274
13897
21284
22391
5054
1528
13527
17176
16664
1433
18002
14641
688
4987
10912
17308
11356
21542
21510
10375
7301
14482
13330
13718
12735
4203
16679
20764
5731
10085
3237
4642
15369
2552
21366
17207
6855
22846
13567
7216
3655
847
11548
6041
13059
20050
11693
17775
17635
16100
6702
3653
2933
16131
19982
5972
7818
18734
16964
16665
13199
13850
17917
19859
2802
15131
12047
14756
10902
14196
2824
4184
15928
3564
18935
6106
11970
3862
3470
21059
1380
7401
15
3327
4085
14086
20981
1591
2296
4128
2482
13905
17634
5221
5375
6044
4732
21058
9032
13669
1213
4885
14782
16949
5158
1887
16603
10772
16728
12545
19681
17731
8954
15486
6097
1655
22633
12705
18834
15850
6402
707
21429
445
2230
11325
3810
7766
19538
14166
13443
22835
17605
22379
22411
8176
21662
5247
17878
13531
18215
12889
21621
3483
14156
12690
9440
13374
22690
19670
7131
13663
450
9424
19540
6622
3195
12033
18859
10245
5132
13484
18219
13892
4421
14468
15585
8814
14460
10404
21602
8906
13806
6479
15771
8086
1074
12280
16989
1176
11332
8900
22179
13878
4170
7554
22610
1398
9395
2958
15945
4867
17014
4858
2533
6053
18721
8499
7316
4724
741
933
4351
15758
3981
7307
14153
14565
5579
9325
19100
11774
2756
22721
14235
21483
3190
7037
1419
18308
422
16200
17835
12155
290
7799
18100
15462
1015
6283
8256
7550
21897
14366
21645
13980
13802
11047
11568
22312
15136
19728
441
17438
10729
16767
2890
13016
8586
8684
4475
8277
5421
13943
2592
10415
2623
8534
3926
11703
22181
18046
7886
11432
6690
20868
12142
7284
3910
15975
16756
6290
11164
18772
14148
1833
15677
16486
6576
384
16241
6288
617
5489
21553
132
1721
16020
16447
19101
19056
16089
15009
585
21288
13741
7382
15609
4956
15457
17943
6134
21726
21617
10831
9039
20569
6825
8807
16469
7626
5585
19885
10338
15383
5287
13232
200
18684
3613
10247
11897
11884
11467
4238
2666
18471
22628
5904
20693
13163
15266
20399
16280
10270
13565
5722
158
7304
17095
6003
20472
15988
8194
13644
11064
17049
323
9821
10267
7560
21638
10163
18784
1791
22444
1566
10926
2986
14780
19646
18633
1900
7643
20127
16376
13712
5864
21040
12109
20465
18621
21524
14690
13732
4731
13836
11131
2655
16066
18785
1422
17742
672
2823
22638
1572
8521
7003
12777
21494
10040
2271
13340
6656
3334
11770
7928
263
1778
20313
21476
5558
8963
14290
7462
18714
14472
18822
16984
8245
11392
8893
4918
21336
1601
4504
22204
21144
9927
12960
2657
17070
12949
7412
20437
13488
14025
13615
16053
16155
18628
16887
11814
21836
21582
22341
9006
20804
7860
11369
12797
11485
10827
456
12241
1257
1920
18544
19585
5420
16032
17791
4775
22561
19741
16755
3656
5298
9525
10442
21702
17772
13177
5561
10511
21774
16003
12497
20500
19252
5976
9439
9836
7080
20790
21236
1208
7605
16939
22329
20461
15000
3646
15551
13250
22200
8533
267
15643
11786
16872
4347
22695
1330
4155
4406
15183
1066
17785
19777
21865
18086
3753
5892
21977
22311
21199
10072
14141
20709
3616
7839
10187
508
7169
16085
2036
49
13726
3712
22003
3127
16819
7686
13266
19456
17385
10214
7822
494
7154
12570
17364
14802
15194
6281
18085
8732
14958
22482
179
6068
4496
8230
20286
11190
6230
376
9257
8257
3924
3165
5526
6580
3493
13954
14880
20384
444
10014
7787
15626
2853
20627
2900
22136
7385
15384
9728
3696
10690
7408
1693
6169
5257
18049
15506
10943
19098
17641
529
1699
3925
6018
4518
5519
20795
6751
12722
667
12713
13048
6328
6125
14930
9924
21272
10447
11150
2281
4605
16690
12593
11376
21704
7617
19810
16463
16977
21275
5454
8076
18972
895
4921
4712
2848
19287
18258
6736
21963
5800
6581
5917
22102
7574
19838
825
13178
22613
6766
1141
12178
14107
10494
18741
14869
20607
20410
4162
17050
21270
9192
18867
15319
22645
1795
12958
5220
8837
8685
10629
9113
878
18864
9315
1374
20906
11656
18890
5996
17258
17068
9661
20963
10136
10659
3804
9802
143
7959
13221
5581
17466
18563
12193
6523
13570
9387
6750
21245
12653
14953
11001
8036
12011
9477
19127
16137
7236
21264
19369
12668
20870
6039
4289
12418
6707
21032
935
7114
10020
8180
2434
11025
9996
10652
17168
1044
12626
738
21900
8127
9303
10583
5832
8355
9156
3428
10016
6951
15449
7178
19113
12685
22184
15785
6945
10460
9088
7536
20171
3663
4662
10877
11541
19089
3830
6451
7666
17898
4205
18568
10708
3241
10023
21925
10778
12274
14784
6067
5377
677
19111
20362
15340
17211
8887
13774
21797
21567
16830
9860
13038
20185
5422
19031
357
15704
22213
18965
12615
21987
1164
14625
4072
13908
1248
12540
9399
12244
22229
149
21530
20044
19956
21970
16232
15370
14164
2939
16863
12600
21367
9650
7496
10807
4575
5360
20829
11805
6600
21001
3202
627
10381
13921
22523
15058
15750
7819
17993
11540
831
4400
14683
8407
12340
10166
8473
14636
20616
14488
14938
10308
7846
8923
11820
19342
21043
8024
9137
2279
3976
16389
21753
11012
20134
9524
19187
12848
18320
10052
11845
13660
18649
9648
5001
10076
8446
19999
8291
20451
16482
317
2453
137
21844
3323
18340
3296
13853
16331
5980
11635
14450
4745
17446
1065
12229
20163
19155
22800
22455
10558
6966
16799
6933
4198
18057
22454
3114
9381
21078
388
5429
21416
12704
14038
5935
14837
16505
17786
22068
15328
15497
10682
18081
21769
14222
866
5905
13361
20642
4568
4526
2951
10579
1084
8069
9779
5690
13793
15749
9518
8350
20873
6197
20697
17262
8408
1787
9662
19692
6880
16381
21927
11958
9991
13418
21891
2293
13979
4303
14246
3844
20486
19906
16865
22518
20042
19367
19899
20494
9528
3194
6984
8939
18813
3228
20347
10800
20391
9260
18968
676
14660
3691
4017
16356
17120
7465
14698
14677
4490
9108
975
19799
20668
3842
2830
2899
2608
9110
8775
10567
19246
14927
2427
10559
13502
11602
17482
16590
12559
1768
13007
6458
2507
4622
7336
13271
10236
3726
2565
5928
18805
12888
22161
7113
11745
11175
19529
1112
18616
428
13736
11829
16913
17850
15103
11306
4299
20519
14523
9062
185
5258
5732
11788
10803
14777
1733
3272
21709
7106
20088
9237
5348
22708
9055
14999
8627
14595
7823
19030
2905
12149
2056
21089
14043
21126
236
13926
16617
241
5724
6179
7637
11116
6242
3065
21660
16147
6802
9677
13063
2924
8568
8579
12644
13917
553
10068
20133
12268
2262
14342
8810
18325
2186
14027
3199
11645
22178
17836
17557
8520
3070
21956
2706
21072
4786
21831
7233
13275
328
9027
10762
22581
8098
13113
8235
5841
11518
12557
22399
15538
1917
10063
7095
3994
17737
15492
20635
4178
6762
3401
9347
7090
18774
21916
1714
2851
14364
11641
1517
6538
5575
18542
867
147
22416
5022
19140
19627
4033
16648
9416
10251
16678
11192
11724
21108
10700
10147
1116
22729
4043
14694
20359
11119
5399
4232
16004
10989
13313
14518
697
10884
4945
20325
18522
19969
10123
19510
6867
18234
2798
896
9056
22201
9105
9547
13492
6537
11383
2840
17860
19102
4108
3086
3423
8858
2785
1715
8289
22865
20761
9554
20137
12251
16287
11300
18669
1249
9222
18103
7058
7066
4807
6778
3112
15902
8625
14016
19830
17202
19719
19765
5493
8821
5345
10935
1571
9415
22580
12931
9754
1936
5786
14542
14253
13154
5675
20173
19437
13075
10240
21091
12285
20277
8791
5213
4443
20925
8023
8265
4805
13614
6689
19723
6225
8613
10773
14876
1680
525
19704
6157
11543
11594
16282
3723
17597
16565
4917
17375
10688
7262
11311
18061
14687
22269
6065
22244
9902
1986
4968
18908
16645
12999
18779
1037
3760
11055
10492
7722
9995
17413
18498
2678
10533
1515
22138
1325
18747
1406
6964
10640
12511
15253
1774
3085
15745
6477
21445
6392
22101
11637
16544
9278
2404
10289
18352
19267
18388
8688
6049
10149
12517
16314
13750
4315
19813
8675
3056
21601
5099
10004
8046
3721
19628
3297
14834
4566
4216
3100
3611
13104
6832
5898
5458
21585
14826
14423
7556
7785
19146
17560
21546
10722
8632
17585
15719
18298
5040
10741
472
17406
11421
6879
15493
89
12153
15214
15825
3977
6806
6628
14818
9510
22842
14081
1763
1755
4095
13044
2218
22118
7048
1661
2100
3615
21203
8935
6896
1815
2758
6357
16175
8475
5140
10655
15365
5264
18508
14738
1888
19144
5159
9971
4577
3000
8662
3953
4757
9304
6539
10672
11321
17935
17568
4463
8951
9909
10328
4237
8738
5767
2991
2501
5075
8612
8348
3643
9375
17351
19250
22099
1127
11262
17822
1395
11419
22808
21976
1633
2237
8515
7512
407
12374
11337
3315
12609
5115
14198
1314
15323
17702
1538
1629
20245
10907
19753
6228
18067
2125
15381
20702
14839
6010
5135
9198
17331
12634
17866
6360
9739
2770
21
22282
10610
19482
8312
1808
7313
11352
5335
9351
10967
9994
12197
3787
3854
21751
13605
7570
18659
21593
15354
19026
1675
4060
20215
14121
18883
11344
21827
5267
283
9205
17339
9580
20568
4130
17620
17027
484
11716
10045
3247
20894
162
1589
8057
13514
19332
8959
14084
17764
17144
19196
14415
21717
9226
4158
19638
15277
6760
12083
21390
1960
22890
5553
8049
14553
1525
1837
5512
17491
14060
11278
2126
11595
3224
631
7328
13652
22307
9883
5432
3036
11842
1681
11815
15712
5229
10739
6519
13746
12164
21803
11346
2161
2909
25
2317
22505
3716
21111
8638
2178
182
17846
7534
16749
11261
8212
1321
14361
15450
15927
19881
7879
18294
15023
3063
1020
2878
9140
12420
9894
2104
17676
21514
3119
12810
20077
17030
18208
21460
2210
10288
15400
14828
13809
5384
17371
3888
13679
11403
7093
18381
21250
13326
11277
18226
3562
16748
14996
10212
13522
18150
15312
6252
2120
19077
8745
13212
778
1154
12105
7344
15644
9271
6130
2577
15871
2752
20144
2316
6578
20231
13096
15077
9036
9495
13021
18796
16673
19476
10355
13438
17521
14352
6466
21577
17817
21507
543
6980
5742
22111
12119
19565
12752
1356
8433
2790
16503
12411
16339
1502
11648
14991
19288
20620
10434
6379
685
5050
475
20966
9163
349
7074
17715
19117
21175
13039
13080
16481
13101
13547
4982
3809
2117
21675
22509
18236
6812
803
15974
8503
22734
7363
18602
9696
6638
14602
842
8640
1939
10749
18112
3826
11983
15962
7373
392
13877
10403
7725
326
6370
4559
1722
14574
18882
3175
14775
8932
2204
8768
4051
8657
14279
14724
3915
22190
6223
22230
15479
5790
22733
4941
16778
3632
17581
8474
9106
151
10993
15908
21823
22718
6191
17100
2508
17216
9632
9872
8404
4393
5279
12150
3620
21095
16231
17075
3209
10828
13702
8723
2439
20812
796
4821
22880
1019
21136
15439
22666
21890
20098
19069
8364
858
5908
10851
2447
20787
22676
18276
18654
15388
2019
13778
22
8302
5626
559
18434
912
17913
16852
11141
2638
19378
13243
18419
12641
1168
9852
11737
3138
14284
12054
17169
19180
1246
3384
6311
20101
14170
22073
21170
19606
15357
9326
11193
19841
12417
17475
4905
14280
5729
3498
786
6579
16509
8737
3900
11616
20928
6551
6840
4418
7443
18445
5669
401
8653
2950
17825
1904
14843
8511
20669
8478
13823
8990
642
21800
